1.3274009453860316 -0.3473564841740272
1.274711728055415 0.6061021997541954
-1.9984082666240262 1.4873440389385388
-1.091685233873432 -0.784061981748011
-0.7316842022146056 0.29386253690018455
-1.1586131943496125 -2.373868684466602
0.9671623378937968 -0.3189479636690705
-1.560424804692034 0.9242412894726372
-1.0758544400607921 -0.4336326969978641
0.5241592193482706 -0.48123963976273687
-1.2599026942599354 1.183537447366125
-1.8691063704518167 0.582111796455389
-2.2914642639702283 -0.8044712270528361
0.6378349822071263 -2.7309367395361814
-0.43698635493605587 -0.8594211707212672
0.7006540040638535 1.5690806939413127
0.3689141894841603 -0.7886954499801536
-0.4764057945050647 2.2273044195240637
0.9867284894999861 -0.6019234345667832
-0.06464344650511336 -1.6938467241979642
-0.8684769244830458 0.6682885011942168
0.5496947126100657 -1.2567644906659847
0.5483765702438191 0.571841919948394
0.4631934138188413 0.35991116482695895
-1.2373488744423788 0.5408035924007618
1.1436727533160629 -0.44003602739088243
-0.7074171765660402 2.732597911181321
-0.7305852522539725 -0.24963512694490275
-0.7336941474816242 -0.37012682608230807
0.9422317963397582 0.49101523076034076
0.11696329006822004 1.0712965969475665
-0.11171114109595062 2.0095854422006383
-0.6282497110660169 -0.26323006281135325
-1.869436268717377 -0.31303366330243537
-1.4066365877951386 -0.7245637503284045
-1.2783480609541669 -0.34945005182947597
0.8777780303749129 -0.5398714179490798
1.0364662282471186 0.18311963896595188
-0.3279207924450911 0.24709759586310437
1.4293827414939877 -1.1425261967579412
1.3647230461965931 -0.7508788593604674
0.4583962582209033 -1.6391604298656937
-1.475082459725297 -0.022160367087925983
-2.2932324046229744 -0.7343379946756904
-1.583676840028439 0.048833287157384504
0.6660452674094478 -0.7234202050262194
-0.3022956724693138 -0.8637564700800535
0.6420259722201661 0.10473833123364633
0.8156535700015254 0.30153404921226934
2.001950449572817 0.710028553406607
-0.29612940230111534 -0.34538366922287084
2.3740715352695307 -0.8810173901977948
0.16318460276048757 -0.6048823120278637
-2.7871941218200145 0.9974588695455875
-0.03808474380379641 0.8398323255881449
0.0004421915611014179 -0.7101534991271259
0.24991669829644939 -1.087028234849216
-0.48671098212688113 0.6363185115080353
-0.3182868047693886 0.4639290800115135
-1.4565765460323306 0.5515571429395532
-0.9512509661293269 -0.9129794081674899
0.3575137576467461 0.8520618389170858
0.6525630882890763 0.4340811758135692
-0.05752470972351019 -0.022023142635951176
-0.7031915023375448 -1.0411004672884256
-0.07525854614845637 -2.338564172691571
-0.3202621884586443 0.167009901204064
0.6271701937200019 0.8290270643656796
0.8282164199177747 0.106197619748046
0.8280256854732408 0.43285315245114514
0.9140546375759628 -0.14808473942888434
1.5416849653069056 -0.32274271737994453
0.7048236960082241 0.932099606501654
0.037266769199323244 -1.420709845452116
0.333651268326023 0.33808737160372304
-1.4603923780836714 -0.9320337208148155
1.5443416388977296 0.8125604174131893
1.8494045910355918 -0.9177193588316349
-0.42270708936622275 0.4784038006168279
-1.4069001007858262 2.0522972408605478
0.7909187593310741 -0.3445675126842395
0.9209467617748186 1.0198454181695267
0.921475054700027 1.3410628895722865
-0.8137789842113715 -2.1772404837530233
-0.06941448972181018 -0.2144929511079206
-0.8103809242153781 -0.7537182983882316
0.15131984277149838 0.6539650768497074
1.0109506022471517 0.6449166731313604
-0.023094398355350543 -0.2367430919992052
-1.0553872841803313 -0.42359011250113704
0.36102117080200086 1.592175533543898
-0.18254440581544062 1.7506398239348173
-0.31262211715606525 -0.4735103981401718
-0.34858960834559266 0.7248883343750468
-0.2078001967391638 0.15499977011638888
-0.16624709468433235 0.5618989258214859
-0.27294807372117086 0.03649103856303521
-0.7010906652950397 -2.4080608259675573
2.2398634732144767 -0.8745454340555393
-0.3586636821554495 -1.2885469860273384
5.768329949745874 9.377176084665576
6.7681016628487125 9.995424201415295
4.51577131182169 11.991396114369085
6.241163227504493 9.81106139059564
3.5485587614438083 11.483470550539803
6.23539998382765 9.569665067781298
4.276201282367861 9.073818132333043
4.961649345438556 10.350277156757732
7.217032820813506 9.905225749299579
3.693712170276635 9.933499989424947
5.504128061668199 9.277255597174088
6.6180225114055515 10.506038238196053
2.6786859422169287 10.093270776226486
5.423544828410363 9.336418539055355
5.8677300868359765 9.232600101763435
5.7183135709723585 9.27394151393186
5.0738718793188955 10.306626834288103
4.599252342329081 8.78662209665309
4.679817929556885 10.341739016281856
5.424153389501667 9.83102780229439
5.963870981347311 10.268365143339622
4.332617769823715 11.04537884749288
4.63877251409447 8.755908496675449
5.911067298311919 10.422954328154303
5.746450837989861 9.774023527661857
4.932212903660888 9.041881891782396
4.85639394402301 10.500990947818192
2.6339893455524024 9.208808685550457
4.778029182390467 10.339903702575922
4.081814843556685 9.660654268277831
7.284570868422677 10.435801708507983
6.008298181955723 9.610405495199123
3.8516662756735234 9.831819810894666
3.064708050527657 9.55546993599733
2.974815475729456 10.25880783243461
2.777514784882664 10.784170584248825
4.640360050847601 10.010584041022511
4.4475065436628825 9.635542783377375
5.982055240690504 10.252365661136507
4.94867161655265 9.937612791638859
3.105311544945254 9.46808167191797
4.6113539393795175 10.793819069423247
4.896115638740351 8.547627576790362
4.358681071329239 9.493282901787795
4.595746503720301 9.156388907382915
4.2392584867473495 9.596625703200962
6.606165796355674 11.392593292537233
3.646343138003103 9.590902787160797
4.504495737767712 9.374387774999079
4.4977672620943565 10.1271907399873
5.115349231704854 9.61358441654555
4.398755693839216 9.620930809745923
3.2655077062700926 8.739063208910224
5.3512860772750726 9.609949365150943
5.451274993255616 11.812695092459995
5.213375851347859 9.928817394100394
5.536176747474709 9.214898651241654
2.6592091073691324 10.310812992823644
4.5742783362647 10.368054854160542
6.306068787952524 10.078184262284234
4.071155557557691 11.801225212133017
5.122728996174923 8.515217209600799
5.20570498837733 10.076013680645824
6.19084867768961 9.295228529211544
6.081240800696547 8.242910620791495
5.778697946806386 10.21796009826187
3.9647927277261625 9.524553354666896
5.899783801154099 11.077753373776062
4.886961622358406 8.583553692388925
6.490882893206817 10.147781879923622
6.242068693634649 8.775412735681211
5.454301424981433 9.486329938867037
6.915044708004115 10.520542834329175
7.932653274781691 9.445681083982922
4.472138299640399 9.53585972578765
3.692912986033692 9.505613336585634
3.7315384724659575 9.691410998011817
4.801062266237131 9.178270310399107
7.421565287661973 10.562668126530607
2.7158130305110464 10.829481093532717
5.722404643021902 7.648033818066963
5.066694607819055 10.113782210770626
5.863963720106353 10.154873695530595
5.131891347319835 10.939702653563872
4.633778618402906 10.92769044650456
7.118187945519728 10.860297918143303
2.6406002470280474 10.137491799328073
5.238702086511119 8.868391416818666
5.644010151191951 11.111251690811669
5.85822733090318 11.632752933418292
3.5562957917513986 9.603296033991844
4.723794562608879 10.119508595167014
5.150738174538926 11.287874875016835
5.908653236468549 11.356741091108438
3.903203425083345 8.75724492529492
2.6674435187230685 10.969822416017745
6.436816012791544 7.950366544023257
5.915489574051808 9.47153069308654
5.026017163479416 10.97627650333324
5.1182049209892515 10.441174259948903
9.439064405941407 1.0092085557742143
10.046268034209259 0.8314672434577689
10.929441526567704 -0.41956088411783626
9.22656808310091 -0.4250412552802287
10.776377415047481 -0.19362891065274304
10.00064369632693 -0.14023647882378956
10.262595738103762 -0.18239099282222415
10.34850681990918 -0.8340900129618809
8.66659876438789 1.493732160566368
9.777303658086671 0.9739267063579066
9.842147842899397 1.590532482191743
10.910682348102435 -0.5612178442330883
8.985839385344526 -0.09182773345384299
9.584301561124171 -1.258071990612671
10.853843034397464 1.373136422517951
10.400820243302356 0.021633006151371835
9.563943991570143 1.1814126704407977
9.499576051921586 -1.323323033232286
11.237449049175952 -0.6993503681642289
10.541757305258756 0.8271882832241646
10.588233501153777 0.3494084069430811
10.013832315959725 -0.06629999570148049
9.260547473178267 0.39727778960971594
11.504759368038473 -0.5874967600022125
9.243668432358813 0.4495800508265172
10.627517018598011 -0.9756903422361993
10.073618599026554 -0.1319224786085064
9.30993552130456 0.7895178725864141
8.54571419063178 -1.3442334532860605
10.860868438620031 -0.45175644554237315
10.773450729419567 -0.4588567012728692
9.085148039428109 0.46057981827691397
9.860870871389755 0.41573873492722785
10.1743443193216 0.331301111449676
8.104728666130379 -2.1564716438557983
10.890436671353982 0.6609395108372902
10.864594333174562 -0.7974823330576719
8.85485777951971 0.9381253382906376
10.468624642641249 1.1213650789797525
9.057947478237342 0.10371618522139332
11.064860507386967 -0.3433758187025506
9.414622052046033 -0.6294535660222883
9.683002272953816 1.142232467658029
10.771953578880273 0.4466265089075293
9.601346259529432 -0.7384892405922922
11.493641271171397 -1.002014061699486
9.734492390965713 0.7676332273541392
8.788407117958469 0.6933606279923437
10.024828208776869 -1.453955496714467
10.726541293441738 -0.24370232983378576
10.52579075007763 -0.5861508305801431
10.894231248030366 -0.48936957158445177
9.38986621150494 -2.080526813016137
11.159969315503593 -0.27253001586785003
9.885633534689093 0.37394619178362865
10.542009598312356 0.7566934840108168
9.0306187739427 -0.3330847257191522
11.477798395155295 -0.8723150270547266
9.967892861476656 0.3230379711108245
8.918621522753268 -0.05720296887192324
9.272027189235736 0.6787190890991311
9.167343008585382 -0.6163232875076718
9.185330895001746 -0.07111854344091788
9.886545351141718 -0.9294441482581811
10.383997291829925 -0.5455452634609094
10.639333447074007 -0.32164546825321727
8.875917724758722 -0.71636717897252
9.257272464729128 -0.5201426992388783
11.196020865792212 1.0494044609005109
10.948677953026072 0.041710624486311035
9.530121989498124 -1.339664577990593
10.099429226064357 -1.151525110900833
11.14038113566186 -1.4785408673658083
9.867239101116594 0.19580280907855402
9.64255099990393 -0.319142784425567
9.121342686375144 1.4979450233016696
10.118040596539206 1.3137266037079105
8.175418740536504 0.38439127805243906
9.68036919307665 -0.5636931540478225
10.615392269192514 0.4447375033233791
9.681434586168013 0.5146546247754409
11.459955660681015 -1.7627957332305537
11.483485983182899 1.2416875837961225
10.392864047152196 1.3995202806552116
9.992994715653046 -0.9320176304304622
12.078233654540533 2.052322750142987
11.091067189557076 -0.6334308467971376
9.098273318659874 1.4056917352012017
7.850221702431906 0.3259988996833474
9.45444817698163 -0.775443726218634
10.94773220130705 -0.6639411668265512
10.428090190518969 0.510264715277842
8.750368274238255 -0.14112259104562094
11.987671488102054 -0.22260486486708003
9.496519390641792 0.03350742207122563
10.681393973613618 -0.4675221578685609
10.162085615919477 0.3754774947014762
10.205052181429592 0.319992510136255
7.908639413494051 1.7421022727246462
9.882090144965249 2.0035398640961457
