-1.153010166185978 -0.8214809513592295
0.15194300746153436 0.10609975066685183
0.1164948290555145 1.4916625727569126
-0.29613498121980036 -0.6962390020266863
0.5330143780361543 0.8387969460841741
1.5891609749860827 1.1296400615470255
-0.49718173444879177 0.7906668446101714
0.6866741387855088 1.3551834732545982
0.5478414256799085 1.218155717804845
1.4333289931858288 1.0811574771799044
0.615253121550696 0.8698165261762897
-0.08935878945383176 -0.2657190553192375
-0.11160187556296312 -0.7556366766484774
0.9154599361798738 -0.7072981651677507
1.0282167237089224 -0.8069607489761411
-0.5878140071060656 -0.026514433301095822
-0.5851878947782493 0.08678219521127811
0.02036450272268514 -0.274623079437951
-0.24767772036358646 0.5922665340028137
-0.5604628396991809 -0.7223104864242277
0.8525969138908983 1.1382757712529106
3.2343725937433527 0.25468952758409547
0.04680110421982497 -1.1667633571504643
-0.9715450039873409 -0.4983544986601916
1.7737319212388294 1.16492281008867
0.13034510598379573 0.3923165797849644
-0.48329689674992704 -0.8590174546916509
0.08543033791919491 -0.6045578352084008
0.4766306223955669 -0.6727396497994113
-1.2876643308273434 0.569818671211157
-0.7123788418419985 -1.619670523405721
0.10637226427351108 -0.38342825777961814
1.6474132135551554 -0.27819339744409405
-0.5004492350899089 -1.5778086425503468
0.8851873370632831 -1.1865236001354849
-1.1246177207265358 -1.2444035602889545
0.059771355650277476 0.21891693105176166
-0.2504200980195072 -0.4931659109469348
-2.2037937928283147 0.5021280918224298
-0.6992441301965046 0.4547831925219759
-0.9542306722344419 0.5428796438270851
-0.4039817992798712 0.059520049777363075
-1.2937460057679597 -0.24864480385497292
-0.22976802495665188 -0.02816402282910149
-0.4557586228471495 -0.7982741607871279
-0.5729032086911308 0.5855598392637698
-0.9581043691938332 -0.1696855629246342
0.36839683866553485 0.6016793375411176
0.46489702601872585 0.34267363363598125
-0.43666161617888355 -0.28555176848250297
0.8518550279524743 -1.8409203122330149
-1.828949635770218 -0.42008753578928476
-1.444028933123742 -0.03816302214069968
0.12705688001080162 0.7015086398944568
1.1752520147551189 -0.508149913822008
1.7384915226345223 0.021695709623636015
-0.9141592691720064 -0.9700609787252216
2.8434982604434182 1.3898779043064386
-1.1504375539650102 0.6849373701864355
0.5893241728248714 1.5164113573252767
-0.5852585021176283 -0.85549998044438
0.2751529246012229 -1.2771525117421443
0.0667887385156669 0.15112837291701403
-1.100468372739466 -1.9241633811938335
-1.30072664927663 -1.6607618629242749
0.7153939860963181 1.9559099535694962
1.2759208732512302 0.06654049475955938
-0.08265357358626052 0.05995588275173232
1.4581327258474235 0.4632197414183461
0.5510946207399299 0.4161181032814184
0.33403617032515587 1.1273455965660484
-0.5480921096560093 1.0961886694835106
0.19933489032081267 1.271247334539399
-1.2472562866171353 2.0033180268747706
-1.950562434467163 -1.4112562114023037
0.7612442315848125 -1.2890555821684402
0.14395172627781977 -0.1560463398813386
0.015040003450313635 0.07331354446770254
-1.9086838094994882 -0.46706061694101303
-1.7187110142142152 -0.7328204395274853
-0.1407197114126867 0.1193356811041435
-1.012842289079112 0.9554209436994332
-1.2980208114279617 0.4803841334055558
0.46991828725259355 2.1145564201856923
-0.1644805329475911 0.27960610572527583
1.0706928542570258 -1.2432978778590744
0.500590433422386 0.24579828358776432
-0.0900623108311673 0.6271095294597628
0.04926560751939627 1.4257818667913122
-0.08654067666685585 -0.04115042634567218
-0.08866616400082519 -0.24588146793774368
-0.9354306736661023 0.6562298796021622
0.1189364172291731 0.6978589161197822
0.14395473979216186 -0.793625915970861
1.8637090809550165 -1.3604125845996093
-0.6680974691937303 -1.3376631240959593
1.085238591400933 0.37079058234216106
0.8006161727176666 3.115529779223363
0.23381777763639836 -1.7492812433617337
-0.29616848698525516 0.4949509693440102
8.67555168260164 9.665332326047828
9.789845316427579 10.241887332211217
9.054976322084286 9.05130737711389
10.433133483845836 12.589298590242798
8.239383238607967 10.410378507906735
8.836812208620762 11.341356605101883
11.028298714239316 10.096873091032286
8.229956106462032 10.275299159051082
10.06281003194932 9.926834680291007
11.855845979484723 10.372684585718947
10.518352773601858 8.438895012389635
11.947639211809584 8.807560627498747
8.39575103797489 10.544081992436821
10.03934498445388 11.337683977858967
10.35956655709527 11.676217143880134
12.064339892304787 11.105511049384885
9.996883604708248 9.372509086463548
11.55414959250443 9.522530160334453
9.75343121750619 9.411713100914993
10.994065333674024 9.791742669373969
11.248430096624862 10.972095307783189
9.683422857784242 8.620216222651145
7.5729879106747635 9.522341277155226
10.220679371602111 8.476952468626896
8.830864615561431 10.995286700311159
9.720937998378643 10.872513095790136
8.564816050731668 10.9404602629054
9.014520395939012 10.094413860625314
10.960407364099046 10.911342870370067
10.561782962308513 9.554972271045763
9.214619976232443 10.751690436992655
10.490806325501927 9.004432570739016
9.811348908207565 9.818276405921951
8.42939708799216 8.912961045648313
12.129956480536286 11.067169969925498
7.668210964025683 8.63711019853811
10.438432837382322 10.727245801737476
10.836375505996848 10.837139777266994
9.536803261760383 9.303783724832426
10.953500129863764 10.003687304785766
10.209615179147052 9.704260219852731
11.075828911942686 9.053697627371003
10.502997724992175 10.352702055718403
9.441109740996149 9.45860041921598
9.640758711625427 9.612907450602464
9.01710665662485 9.79063571440547
10.508538498335604 9.13787105238237
10.24422339242637 10.233678479671104
9.322432913908099 11.142106538220117
10.187742937840826 9.852019219768515
9.422552196262792 9.81150537927217
9.576191398643859 9.605816900910444
10.396731223933097 10.142181590508514
8.802434610437167 10.394212453203016
9.292161257314955 8.586371188777761
11.051076568775244 9.800788827037362
11.45665539042936 10.553536265419664
9.256065393465885 9.486928822380943
8.990434890310887 10.226319829644275
8.883508296886694 10.17838069841295
11.291343497961087 9.918468303423186
9.060517538734661 8.738055788565452
11.530603398242274 8.872349015944677
10.899752927224243 11.17303897190434
9.054997772066605 10.458357105386153
9.311723817023564 9.472286316887502
10.586306300326713 10.184589922412767
9.714725830643305 8.428996300971885
10.879931124788769 8.827809380588494
9.434032457574414 11.320046993186402
8.549304615959375 9.840601183037538
11.291608541952714 11.595575628313258
9.056544990493169 11.305132675416072
10.040180682076208 9.896834392093359
8.79556481968471 8.806622994129425
11.715860550200427 12.28272271748073
9.177395775329648 8.947988094876376
10.840458862926397 10.79170836486312
8.692708200061487 12.197678915406252
10.577886014903363 9.544993665159899
10.150721636063357 10.578026754295282
11.661318963995633 9.161922638773946
9.781242312184157 12.6378104016758
10.400943960971487 10.387517836599017
8.980492081519838 9.998594448912055
8.244630770117386 9.404584728048139
10.520272380276685 9.76536862891934
10.141243227474874 8.36098530792538
11.636255920328427 12.332160064074387
10.637982072749598 10.62153367071863
9.713199430599298 10.009193700212231
9.428341706198049 9.125458356093242
10.89297651825331 11.759516886904471
10.299043303709167 9.50287581965058
9.55175860106156 10.919144456547563
10.276752911051883 8.634510878503908
10.738583332842264 12.382795514972859
12.030329739330005 11.51982099940586
9.83065644954994 9.74722332660889
11.056759639581012 11.90493893366721
300 0
11.067538586348842 -1.0134108515133708
10.50470325611558 -0.037349024111564495
10.363628467349011 -1.7235932734721133
7.457600772843277 -0.656899904198978
10.350571237817311 -0.046141314171209064
11.383760574116105 0.06775641415681766
8.387171690044468 1.740562458938541
9.898076595017303 -0.7430877829163296
9.652789059925508 -0.27073282967417345
10.019070603480484 1.251959726015164
10.213470108356042 -0.43263101063777026
9.418891248798593 0.5283875527641364
10.052828818580915 -1.0478471316306228
11.243086399588083 0.3080858508811384
11.174691470681832 -0.259998061461788
11.570744511023456 1.4974563972842938
10.128260332977044 -0.16350466786140155
10.382194215577055 0.43452373930173016
10.763480879305684 -0.392874038581126
10.023692454356924 -0.5705594416858303
8.711131148830574 -1.6857479840310305
10.361555207879793 0.5941539658039886
11.312063971131048 0.5735493123327767
9.907464259455335 2.2140018728916346
10.095646237096625 -1.2898625997913185
9.368790210209323 -1.8517328152614345
10.353838171385116 0.14797283502514166
9.766677137328568 1.1139563059070259
8.362985432617798 -1.1694341394076349
10.216551035005576 1.0483538482923096
11.545616011652704 -1.9013732170614697
10.661957841990503 1.291012387727321
9.639573047796908 -1.211263063332985
8.902474546529248 -0.8153485430635289
10.06370619805786 0.6582081196309708
9.415401636165242 1.2787208621992594
10.38429496692559 -0.6715736135608903
10.685885445934352 1.2836046150572669
11.407123843545861 -0.6213118360763636
9.518453182662574 0.07430681991051594
11.004496532686696 0.15462664964061906
8.939779199190449 1.371145856004534
7.9554007274647685 -1.572971350409233
11.194650455879659 -0.00021021456320589378
8.762662524810223 -0.25560712574636196
9.918782455030716 -1.079393268431378
9.64987659826059 2.1267741473699675
11.220082394993824 1.1566119452499801
10.282731389253218 0.5398442543474962
9.08612943266155 -1.288707888359554
9.411145456233557 0.38105748796934974
8.777266393951784 -0.03148766906965235
10.540119061097004 -1.6727401229751901
9.331187904862585 1.0159421009912584
10.3365931789601 -0.6812528667754343
10.790444326383453 -0.3229659388533265
10.44078631132437 -0.5732756973635204
7.752462377586193 -0.6284074689177569
10.778300570849153 -0.7481235175465317
8.974552138493346 -0.8347639911547793
10.219015207622412 -0.6767920055867029
10.332016358132368 -0.26700870284046646
9.80086873589074 0.31705196813551434
9.08296792008331 2.1498683428917635
9.460789012346359 -0.11424519294610443
9.521686731696718 -1.443555423912298
8.219293510952573 -0.15968565260236856
10.334425762668214 -1.6429873232735523
9.34010018000365 1.890083350074455
10.649353792767121 1.231738916456434
9.446115685163207 -0.5996703032554256
10.370499306255677 -0.3339376754690222
10.543664496424174 2.607978068055318
9.27331770301712 -0.8229901916803939
7.569742127289059 1.427082345480956
11.131678428399578 0.34977437237328085
10.445898555204703 -0.5138953641010625
9.763019438982537 -0.4712857285824037
9.910649136805292 -0.19462638384882475
9.796380573773611 1.131630321055435
8.693478768937116 -1.100956487259513
11.247482678124836 0.6539129716457004
10.725031526527994 -0.5845491273972274
9.914376881144449 1.1109817537971796
12.033984298459291 -0.9202189840742484
8.716029067500576 -2.179025940715758
10.205531341101349 0.46023909359139403
11.121398456772331 -0.7724255779902908
10.37910573062562 -0.2516311411971707
9.802901789990702 0.5073877415652692
9.724424214184976 -1.9973916051351297
11.29939468308509 1.4344710110905683
10.276181140932618 -0.740324301161156
11.544108048054436 -0.749859197679477
10.423000996121065 1.0626379567999253
11.047097475776138 2.399775243320698
8.754702496206956 -1.8082769147992133
10.225440320850797 0.4869416528465744
9.994135788446629 -0.6081189732983185
