0.2681557601219698 0.05496175438718699
0.2051176303464548 0.24334793228926968
-0.04530348870054274 -0.28475738651928306
0.23912211063647876 0.051060821282723504
-0.06380483398665172 -0.07118102789334803
-0.4396799923145586 0.17856684291200692
-0.025875349700902397 0.08564056781237525
0.01592062802951488 -0.27459008403531104
-0.027695237039426595 -0.04509677083096364
0.22750011731328443 -0.22776266879042573
0.03013297315336839 0.05721167350175643
-0.0998473431979279 -0.011043292690957563
0.26892889612504145 -0.09794935093294214
0.44698579023642093 -0.04593670563709417
-0.06497947996622526 -0.18735488084584473
0.19126817737023427 0.0310208504557285
0.08241806462608521 0.039671006521599314
0.05479495529115467 0.04800070277781233
-0.04447462162537279 -0.06518891229633537
-0.11850223351999715 -0.042352967735591995
-0.1373736753884958 0.08063345961977832
0.0917946655817045 -0.10409775242410399
0.17675584588449905 0.3098554823122428
0.15665197253606936 -0.13575349342620957
-0.3362726844712188 -0.012410766756366225
0.014098961056409856 -0.4133035795955453
-0.45176589369738523 -0.37229387082865895
0.15698013127203864 -0.33309473431850783
0.3292513017199791 -0.17438165289896831
0.007828739493633979 0.12162736341927505
0.4098282937183213 -0.09016057832253063
0.23027017676610684 -0.08340585159825585
-0.2967049020153563 -0.41623884536090683
0.07382896480088953 0.2975259390883797
0.2583834462449179 0.052456260879941374
0.004424844666257135 0.07628866377071009
0.14527971718125343 -0.3292173886332186
-0.2984231553741809 -0.02314141103310456
0.3668663694765598 -0.17771271537658537
0.06341314243817245 0.16948794002152245
-0.16689522908583523 0.1993209346550994
0.1054009910708434 -0.02208019023730617
0.020104264664392912 -0.11168402024435618
-0.22334570529983747 0.2615090644589176
-0.19666661364404778 -0.022178448446777813
-0.17106850925332318 0.26467373914491493
-0.16056779489172818 -0.04815665994334174
0.2921340206845371 -0.05981217758421212
0.17710583722129133 -0.11689846692798087
-0.11495634745609849 -0.0013031690414399362
0.12568290316867323 -0.08946065102653668
0.49015642308539337 0.032285408924465894
0.11928170858099908 -0.013968516631407473
0.10634931424085835 0.06897581627619565
-0.3108031924919197 0.19910122419173698
0.018020395784305098 -0.6799377084282706
0.28310930201396717 0.3314250815885901
0.013910295159513707 0.13725841551033557
0.02384777673536772 -0.278995581499316
-0.13630829402492675 0.07577535948897994
-0.02148711299183757 0.31930067365945486
0.37948216609354507 0.19072210774437579
-0.2430035321932243 -0.2270003779433787
0.18821253914432204 0.2135217347002028
0.29041195585641044 -0.18792333887743798
-0.03708815569603776 -0.16035450459282158
-0.04799730285102939 0.12272178639840162
0.13935928156362193 0.12024541760977328
-0.008600279681210273 0.19945427106103322
-0.03785757079911847 0.24838847122122132
0.023368704475557327 0.3953535057163919
0.08307326030496093 0.37801984057180416
-0.07307044037131198 -0.035638358926046616
0.20490218262070234 -0.19249235024084005
-0.014843681219847986 0.22003946401143645
-0.19709189285746362 0.07426180384036907
-0.24054134335810723 -0.04285327543126709
-0.01562706297241665 0.027462545146257383
-0.09048301049565478 -0.36513830559938165
-0.10219469959109338 -0.07779875886732476
0.0644939682249457 -0.026883898825295877
0.13336440424454638 -0.0035311255922895494
-0.19140361884256035 -0.07479048596589101
0.024416635723884028 -0.05065122850676991
0.01789043909508782 -0.39014690371985794
0.08089431832896105 0.4065712027443214
-0.01187568030049366 0.18750821552181723
-0.10835349636449389 -0.15552348648945474
0.23441500182537345 -0.02890212184207592
-0.16002080768390803 0.2514136573449067
-0.2789968072563206 0.38091117950220976
-0.30636475355381726 0.40378978824596257
-0.4823841289843647 -0.12130173920261997
0.09887243344957289 0.017775450508357587
-0.20759012821829137 0.020205428036564874
-0.44884109863668575 0.048671182852558496
-0.1295057531966177 0.32324201513535816
-0.04245683124120585 0.4740739848413156
0.08466069572695983 -0.2736071016163793
-0.07614261459039708 -0.5793197687924585
0.004017855803959636 1.0241605940320737
0.15922422583616813 1.025597397519226
0.21229416617410224 1.004166776749369
0.2376432923578925 1.026563713130562
0.2927775750919811 1.0327893928520224
0.3724786406031917 0.9643779177721082
0.38343269125214147 0.9734057652265387
0.46635698331707043 0.9806761329786033
0.5564246608445313 0.8817978510986538
0.6309170966855198 0.8558659962877078
0.669608314857022 0.8409201104985954
0.6595851080375035 0.8615459700505644
0.7699299170476063 0.781075669851121
0.7597047182922112 0.7474818630622242
0.785412527210151 0.6918297864430254
0.8685080260487963 0.6589922821005897
0.8858497836187862 0.631928313407991
0.8765547862987408 0.573722420920617
0.9230015513024151 0.45736488687997884
1.0242903965405736 0.4377772256130181
0.9517999610290173 0.3479608942602535
1.02300455284453 0.2585542222659386
1.04265135737151 0.28073273704350665
1.0219376411900127 0.17091209297723525
0.9981026492456619 0.07167466345351799
1.0474636040701477 0.0040008682032458285
1.037949019025182 -0.051710563632785755
1.081665663797802 -0.04416653866492137
1.031179429019909 -0.1568107590109549
1.0134676624527963 -0.21924185259469012
1.050951244900438 -0.30596820676031766
0.9768401079785617 -0.29576126489142934
0.9673662663241938 -0.4026321252613803
0.9521392792693292 -0.45894720927584465
0.917358923105777 -0.4563057433734783
0.9006776924157366 -0.5525668027253918
0.8107215716841071 -0.537937398666956
0.7995727924551257 -0.6478619360476447
0.7718723141896908 -0.6688691708591714
0.7078841501800699 -0.7669969032308714
0.6051073917211133 -0.7310286068114269
0.5929681354746233 -0.7894488863452938
0.53138971224154 -0.803446517651138
0.4579202141886387 -0.8211664712213919
0.3964166110845827 -0.8325604124324186
0.36069385017038486 -0.9186409535677672
0.29845476630127804 -0.9649158836816554
0.22850117258751243 -0.8884657203481449
0.2175374503247698 -0.9297441630588683
0.14103261992273214 -0.9793347487663377
0.09257337204864445 -0.9306755990925397
-0.008564985872607962 -0.9873884174757054
-0.11953412197246778 -0.9335234010637091
-0.15462415630941265 -0.8941634436757562
-0.14970730393943454 -0.915046977201798
-0.2830659603865937 -0.8741618122495246
-0.32133493273665203 -0.8899995022762295
-0.35854702825918733 -0.8863550537913321
-0.3876943403124882 -0.8034453217700419
-0.5174456095722226 -0.7472747613820885
-0.51520696721639 -0.7944268833253535
-0.6132840838476786 -0.7487653219735488
-0.668910669068461 -0.721269129283791
-0.6766467622639825 -0.6315358879511195
-0.7092428974357933 -0.5510419278856409
-0.7158720286280141 -0.5072943202150172
-0.7856342920648729 -0.46522563708072934
-0.7998583597200322 -0.4377739061247183
-0.8138101779050044 -0.3398657514022529
-0.8838648594215617 -0.29044560535587044
-0.8940207596117082 -0.28959088270193745
-0.9030539639679662 -0.2360213460325472
-0.8972826007308876 -0.10009005441561451
-0.9845188512457066 -0.07600080820843633
-0.9470236244844084 -0.05162511599389517
-0.9370882873528125 0.048939279612958145
-0.9300026053528826 0.09763282894005446
-0.9600235103941035 0.12693520034096492
-0.9672074832959913 0.2599493636687274
-0.8979889545738026 0.30728046055333397
-0.9377492530618936 0.31117782265771704
-0.8640223626552379 0.4320896083908017
-0.873311969759588 0.49223121733627395
-0.8025947842632757 0.5406803920364514
-0.7450188612008346 0.5694659390542353
-0.7921682807220759 0.6152016641594706
-0.7454819505502006 0.6978772600827401
-0.6685495871473546 0.6881125634226017
-0.6407173553341504 0.7338066500413087
-0.5577257068122592 0.7895822645582078
-0.5852907894510361 0.8402259151359381
-0.5084055331389681 0.9311258678211138
-0.43208345306616525 0.9490457982097884
-0.3583957055379267 0.9404430925722332
-0.3432706276462405 0.934873137013369
-0.269030067235516 1.0345296111765425
-0.21627835041410232 0.9828426089732717
-0.09838232636623279 0.9908088660722397
-0.0937863664183097 1.0705509281763677
-0.0041095956413558996 1.053733621151418
