-1.5304609968576988 -1.470315303633392
2.796723448604954 2.602931560283762
-0.6114782385210946 -1.3035167867441544
-2.320257559656506 -1.7737197276181775
0.10406780906775936 -0.7190344334799761
0.44824730437965377 -0.882474209453255
-0.1233515612805568 -0.5914119780773385
-1.712060742933308 -1.6290335725741336
-2.804710041361422 -3.3565163111669984
0.20931216566458755 1.0837645648733432
-0.7207908865495773 -0.5236364018349289
1.210258232317854 0.8809933554802059
-0.05364862257232361 0.7034135526568814
1.2819164642342171 1.9438135512528412
-0.35945546630024805 -0.3807406848750168
-2.2484357699372217 -2.9095305288688356
-1.8839537219165345 -1.9073634390476835
0.007223585292775114 -0.4707238634461348
-0.9897421325028065 -1.203089011241756
-1.108203756856597 -1.0660741243718865
-3.195627651461394 -3.1310875619074947
-1.6776508005048938 -1.2023326574960562
-0.6706676581833333 -1.022604165307328
0.9808207199584329 1.1331281690875374
-2.4333823118792184 -2.2034132918603406
-0.19381244309355838 -1.3125751405163388
-1.7596857420270722 -0.7565122866270122
-3.6598836988455505 -3.665270268555392
-1.2178317970147947 -1.695166762412739
-2.074040260246223 -1.6872664728508062
1.1179790269433694 1.7777240051999978
-2.1234554442368294 -2.2067147824515194
0.8223123793262452 0.8621854826091815
1.2975870940928926 1.247375498728116
-0.5548494015843706 -2.1308946294528766
1.4128896900377899 0.6496854269177514
-0.4136206065462009 -0.4249193425240474
-3.565349093551758 -4.267564975349902
-1.1447345125515533 -1.115331861229846
-3.5730494511443553 -2.5471473530329525
0.27870674325551814 0.6659824939495342
-3.5642188256569636 -3.7459117293011364
-1.0249871995718702 -0.7906585759538703
-1.1103246588625482 -2.089736067195127
-0.9198358988714843 -0.5288799213382794
-1.4610123181551646 -1.9966794507236691
-0.013408356163646884 -0.5716965194845219
-3.080214012515829 -1.951375847554369
0.337921286609951 0.8844110174500488
-2.297436997658637 -2.0575069923374847
-0.3137388148913174 -0.03704080267438803
0.3467838759141453 0.8235959524964829
-0.14533169763474474 0.3012172748527062
0.3727117911215412 -0.009866272525237418
-1.4040253973378065 -1.0460032008322413
-1.5578230228880847 -1.8289621488676484
0.897290100567115 0.32167977279047477
-1.388206740852147 -2.3327311977444847
0.5700163127868227 0.4005291582338164
-0.6892180701242829 -1.3802384201960507
-0.5435712126437876 -0.7106901372177308
-0.5058874445436563 -0.4507925705660638
-0.20908093997651234 -0.6349785679224766
-2.2685644437455053 -1.9407426425968488
-0.5605723786962242 -0.9633697000254213
-1.7437355140687507 -1.5619987487757734
-0.9880036783408838 -1.8733260306376076
-0.3125817005904862 -0.3492129049486151
1.5209414319433896 1.8378869593923013
-1.3905433574225676 -2.44069067084226
-1.004823722091012 -1.2840536476717332
-1.0280017330944617 -0.4726369765135119
-2.2107137510862174 -2.285413671863698
-0.0620874246565255 -0.27154202745932
-1.9853468883307446 -1.6702689501297046
-1.7584015568010614 -1.9932944523264782
-2.4131831084354696 -3.181384304920151
-1.2694381662913288 -1.619540669269743
0.055078367181630616 0.3972174075547956
-3.774563254178623 -3.889367961094789
-0.8434065232950982 0.21677795557245272
-0.6816117042369159 -0.7511130577458136
2.42996877664997 2.075288960476418
-0.676012530108133 -0.9013476706475732
-1.640970625191144 -1.4233786229338026
0.5231905579402059 -0.06486234805249214
0.6409734726882386 1.1997811378646102
-1.00319472757158 -2.2937997801156813
-1.1351348857586703 -1.3884569851685753
-2.696373641920675 -2.8841908701945145
0.6608174562633886 0.1307180739283016
0.1037613310096599 0.4494504706664879
-0.7707224100079386 -0.6004777411420582
1.8592751893283452 1.0550187275831715
-1.3633770328859995 -1.837007771834951
-1.9236747751342256 -2.7964658144684313
0.11626327328311015 0.12255929362373963
-1.4558224128707715 -1.9832387597990087
2.0921941476679295 1.8919063574733013
-4.144080090956532 -3.997951944080094
3.4498871426927384 -1.202357245677522
3.350635247437471 0.5012505057758823
3.505048162186367 0.5350184129406684
5.821763643980319 2.242425756378102
3.26426931048977 0.9240032656728836
4.07224104511125 0.44782271193273193
5.773883101416635 2.225336799438385
1.7082719227602445 -1.620177195475568
2.2291019758758885 -3.279702652667285
0.4443292409136328 -2.6699118759731784
6.163830048815433 2.467668747866626
1.2880809052585551 -2.359902631810742
6.379612582590279 3.1904152500234035
6.037146923525327 2.861556583033178
2.595137048562585 -0.5845654162202426
2.500467073646228 -0.30631089321155186
3.846543146971237 0.23861247907942443
4.0085226368744635 0.02502110056970555
4.543359996119429 1.82467091545996
3.48339387703418 1.4743275026224498
2.988854740637405 -0.5702145432411125
2.7643420517074633 -1.488817735335985
4.246403738183323 0.4627430736125719
2.1200069998634445 -1.1279798728754802
4.510623149648272 1.0804188756820865
3.628319370492159 -0.9485101894614723
4.184759333521987 0.11451148274656392
4.456775795617246 0.6008061204340885
3.3513961679696105 -1.3868183914131298
3.5099422119673167 1.0564056316866375
4.774154560240001 1.5310180468613617
5.296211677688053 0.8871474148271283
1.9019582788903484 -1.5571826092532202
5.9421482652980675 2.6746000956429152
6.604953769339507 2.774748905469022
1.4137248342752438 -1.526814452400699
2.0337731163607184 -1.0139325475664847
3.27010230975088 -0.3373816442639452
2.7860745812238363 -0.15201099296648213
2.0741843006668415 -1.6422768734964233
4.122671910715925 0.01576990989829813
4.692527612706037 1.2505657012269396
6.62781494675212 2.5442827503385494
2.5630708626995 -0.6956437850762666
4.372263713476678 0.9325771849618388
2.3996001835859477 -0.5328675688048519
2.9704218253784 0.39291846685509463
3.406318126685434 -0.7571107203754561
6.056028137452155 2.5327311664567134
3.355448311238868 -0.7764932654749797
5.269146245631915 1.094573112526549
2.5705276140174855 -1.7808779088129634
4.861656511238675 2.028523959711785
3.2363034642505264 -1.3442268782829352
2.0049176117007876 -0.6180771261680398
2.0809423857506024 -1.691864506629497
3.383802678906407 -1.1141101244132656
1.0184701113251027 -2.9945987853254
1.3711132151238612 -3.2093032195937816
0.9643337013238922 -2.1740418427308628
4.074189779267652 0.67470792627798
4.95913293861314 1.3341998745619423
4.137928754544661 1.4790943937689436
3.5583011747363402 0.18115189266360054
2.6528319158260087 -1.7231770663885961
3.2559246196129563 -0.5234568898759344
4.19114107788012 1.367022713942359
3.253766716868996 -0.35237671149229804
3.285202983660182 -1.11197968598206
1.9549316950442475 -2.4430700282383957
4.04058130504775 1.0778849778240363
2.8564787349783147 0.48849843165432827
2.244677623468801 -2.328907787954539
1.5835717282122854 -1.2420185164013584
3.3516975389945793 -0.5555446597332091
4.858898475698883 0.968506770736856
2.793494084301917 -0.6953296125119912
3.7980701819508456 1.231340855002553
2.46553043553116 -1.2291550606174373
2.0664269855604847 -1.8215891732641527
2.9427102549729156 -1.0809711298376632
0.964132391501292 -2.5189668513963532
4.726239362903726 -0.25807375924526776
2.6507784980678784 -1.8748957701505637
5.213433849040372 2.8704595995861024
2.94747152871831 0.8891329815741714
4.476510632408581 1.7195709580439915
4.019620330270807 0.06933724871785668
2.8127211588095307 -1.4935557878990564
1.7908733427010806 -1.7274810523206674
3.554148648998739 -0.1410298724989889
3.8136742222443205 0.5426853642675267
2.3219307513541123 0.32419012057008084
5.0243950058869835 0.485032852349943
4.570987519153462 1.0638931597303747
1.6287110829990463 -2.15447163415223
3.32562952669322 -0.5623687252644585
3.573064523300048 -0.46948941252609777
2.8766639845279522 -1.7473252257086487
3.517015721417224 -0.6144344267603465
-2.3268047075115317 0.9728747816825845
0.6949798994852253 2.993515870128914
0.9236373232148603 4.82310967637383
0.9625649340521153 4.677623231636071
-1.5854114327097781 2.1727255101003786
0.08604721921752782 3.2312838593223763
-1.4465602536212 2.349088244142142
-0.07416485637495661 3.4737740042919754
-1.8429754901619773 1.9632061964983303
1.1769912191733258 5.2707915748036385
1.6274355258055517 5.193013231024755
0.1546386181438325 2.6957791436114515
0.5752312878944046 3.5200726889573484
-1.0033701350764774 3.2745939147307657
-0.535962000134037 2.993620276985998
0.07351071948489757 2.9868438295032838
-0.20348281392913814 2.699681786600946
1.960535069063239 4.768509818343247
0.3854288192916914 3.783519675284415
-1.2158560861502519 3.7619836246875615
1.1029471642193713 4.219976034029031
0.6421525976570109 3.3828778151850534
-0.21090951018607465 2.8480506582549774
-1.625964779214144 3.5831991851213254
0.14090586955471313 4.232083045809631
2.2844571273314678 5.027129030550428
-0.6256589772577809 3.3366070643755137
-0.2811475672379289 2.121923854582301
2.398461554976479 6.943307541913545
-2.46616032731511 1.356080337830237
-0.04531507989542555 2.9257953996737887
0.589417759493407 3.1712424901744884
-1.1192205245005882 2.223683616207325
0.09590804727276028 3.174195851264257
-0.38762869977852243 2.2367075526234386
-1.416215745998101 1.0452589864386055
-1.4988404782033249 3.1122076925297355
-0.5784269343106494 3.269424199069942
1.1872631796674327 3.751435344302375
0.2519645697917866 3.0924139633328407
1.933032347948721 5.0119032577905935
0.9393671990041764 4.125262825520545
1.658704142780558 5.361169524525587
-2.3854530856348815 1.868606735769698
-0.8544682697908075 2.655879377641334
-0.5274583369460003 2.7868813598842253
2.177717307758443 5.641144267990328
0.023067454434311657 3.2927461041562776
-1.0145517112618572 2.74693758961301
-3.1087495486946386 1.330273938910465
-2.989493046127131 0.8003557876362155
-2.5306993485741147 1.2291535687620025
-0.5056887700153081 3.084563034133887
-0.5712902118291587 3.696708234826183
-2.1041030644412047 2.7687021129691867
-1.7727694074720455 2.239939703585925
1.7419800942205144 4.645579910780832
0.17256710767087532 3.5518198065264763
0.4239782843846366 3.6413888684427596
1.2055179474212168 3.8535851458155648
-1.9050214203877636 1.3316792305958134
-0.5729230185314141 2.636201828484415
0.7364229585542796 3.173921572066173
0.4574423662141937 4.885901844323796
0.21486643310207718 3.938540245602809
0.9797798313291557 5.369993675820265
-0.8742151703124235 3.139950562724811
0.14617940661267054 3.6687752170865653
1.9975665571688732 5.181739735566069
-2.0137169518701925 0.9861609523583748
1.3317200740132549 4.886992706450716
-1.254404561359571 2.32123949517942
-1.8133208758193502 1.9781109762956781
-0.9795149472627226 4.278932047445116
-1.3352938663390006 2.910878441350786
0.7980508474589433 4.566753642620018
0.5069087937476927 3.4848895626741947
2.77715774523752 5.60852567606039
0.046056572235201654 2.894988597299722
2.21348485676478 6.742295954117116
-2.0096618398249064 2.9197689011242502
-1.1743350407359043 1.8610487482606837
1.1637753110498013 4.036421577640281
-1.7160064332714577 2.440460492936007
-0.8037101928071909 2.873459132568557
-1.5112823049183057 2.5601560417372076
0.6801407143453052 3.5914840591000154
0.7438316831601005 3.845385564040347
0.29581634530632894 3.016234686648772
-0.15884761134697914 3.0993107285274193
1.1258824498710216 3.494068680066376
-0.8062726196964244 3.223331699901947
0.3243758498858285 3.9183778674862664
-0.6764427286022907 2.4406522068364955
-0.04987652468736305 3.4187195974073705
0.7274165148159986 3.8392444065223557
-1.1801964604018629 2.4332332132885566
0.6150493640245288 4.044988068111126
3.3091521058342206 6.13256660728802
-2.1255564989444244 0.4479325952439277
