2.174456455025756 3.1813477397362053
1.886941856076003 2.2799645536245974
-0.9210785597745518 2.108464093036386
3.3676457838567084 -0.7586740233563651
1.1236169982924025 1.8415369143879128
-1.2823336984776637 0.08311993165884557
-1.1373071102094587 -0.6621738898348776
-4.195036219893769 0.8227617793666959
0.2732027411566336 0.5641204084795077
0.40841939415122913 0.05234197699656516
-1.8796398422028815 5.040000946620829
3.462613052609942 0.33503100635005834
1.0529568826488394 -1.4864696153197159
2.1817766673202867 3.8154148990325654
-1.6656103179766828 0.9811858646057791
-0.553657842083374 -0.26769145617127144
1.2352184317452408 -1.0320863226335117
1.3396039209292447 -1.4572245364836975
-0.21603592374899758 0.0045294842297938795
-2.0543973118670715 1.7748308032832973
-0.5871793189466638 -2.9842322980364235
-4.519269372309862 2.343902287272031
-0.6845610743001148 0.5262754399248134
0.9953381311010455 -4.20134865297737
1.4700009248300032 1.2733120386552188
1.9288149389184661 1.478727273886948
1.0465192362398692 -2.2925103185025435
-0.5059186670879711 -2.099526127938437
-1.3949115959138234 0.26275631615586825
-1.176594040659799 2.2532614494535914
-1.2255537740150575 4.422505136990215
0.6910768577090654 -2.495869270330035
0.03454407317775605 1.1708959381122197
3.5719035191362143 0.9110862252877762
-3.7157434891875036 0.2589023265647122
0.7421596511465308 -2.66351745097468
1.020387516852141 -0.9589431297351555
-4.115976919294321 2.378219939887946
-3.689529875034273 -2.0773559206522765
-1.8172226233488695 0.19223560533872325
0.8426359364201168 -2.888686491728846
-5.300255821691761 1.0302587378577066
-0.4967843929564501 2.7449019941716513
0.7794732637565323 -0.045782127459651045
2.2965195951187116 -0.03814460561026362
0.0746505150728335 2.5697401074568598
1.1471244868070187 2.062971113257017
0.025066326909219578 1.1231326079972872
-2.4503834331351575 2.085705614597614
0.03976717215876327 0.1497017420749979
0.5968316153477284 -2.5506492203271764
-2.1534355858043575 0.4955271947491693
-1.9492996329742651 1.2005730868278732
-0.21805513171642435 0.6438308864065323
-2.0362259151363378 1.1621992994230177
1.991189090933443 -1.1387438761304207
-0.2879632902070568 -0.8805217913383484
-0.4051898643103551 -0.43098862447408615
-0.6088265032167183 -0.04391954254915539
-0.06956921301515981 3.180130010903102
-1.8943725309126334 -5.450432591021746
2.5078143439288456 -0.921802082766494
-0.7225789024154774 1.6384713442884131
3.851817220002606 -2.0980231256624973
1.0721115518564723 2.467226285734902
-0.6539251280972223 -1.243385004136638
2.489799695675197 2.2923113477906494
-2.6767120095134707 2.149049243519108
1.0538249343460109 0.34567798742027306
0.48395331817960696 -0.9176376979531528
-2.830175650721306 3.5051439501124055
3.7364134985496484 -0.06934654853734384
-1.8005354065414516 1.0156771846634993
2.110123383982504 -1.7807349753441748
-1.6446687374902433 -0.8710740612449354
1.5582925347584562 -1.6364507880296177
-0.4669343313586332 -0.9004851547612783
-1.259757129035902 5.478165122485821
-0.7514568324352133 -1.5288822956371704
-2.6818203963117746 1.2542016430586056
-1.4810499969070392 1.250566723050166
-0.11612725189688682 -0.8128298072567601
1.7961903400046169 0.3700992634759051
-1.2357314501961707 -0.7833490581817754
-0.33514337714054554 1.0292547876982514
2.0319026474183146 -1.7663730835161873
1.0879027681787445 -0.754300993202975
1.4627320921704858 -0.6560224903626524
-1.9092659522702653 2.0648137250157315
-0.542577813465375 -2.7177959796417883
3.030640055435571 2.8162370091892
-0.9967631162401894 -0.13300782572766787
-0.7957668255982654 2.7455637483168718
0.034753373634758486 -3.3539194651091657
-0.3465385382078565 -0.03739066473986619
-0.08224776716088414 2.90011808381903
-1.036485419204379 1.698755497326393
2.1516051115971226 1.8609344701789658
0.8273276156229998 2.247308893214254
-3.0396626547607806 1.3668090673699331
-1.0086097254220745 -0.266498412520325
-3.6979127561493623 -0.4672566151153675
1.0812616404472477 1.1845211191700749
5.111258464683577 -1.8273399554723344
-0.1388767697755025 1.6574681802718072
-1.963701535260583 -1.3174048540518142
1.337236154265794 -1.4811714172126862
-1.1903885934466958 -0.6143029895872679
2.095183777347155 2.3166445055045775
1.2799958776042593 -1.3198988386279555
3.1289578060313 -0.9086924924375214
-0.14288415200861865 -3.2394272167928606
-1.3266677187091056 -2.033929459456232
-0.5678640644769677 -1.184874321956831
-1.0626267700392305 -1.020513428579812
-3.215877453745752 -3.3508731812832933
2.5069150924118775 -0.30122290753229997
-1.1418193156088094 0.8863898444212367
0.8516681852905557 -1.2748754796030841
3.166188136243196 0.24533616061896002
0.04367392215958868 -1.9456028644634804
-4.944999118745645 2.967500822880469
0.5996490208837038 0.015969611861076777
-0.35643903769124735 -1.8667939383937748
-0.26107914078932903 1.4238622548745976
-2.0993310031790817 2.466839776740599
0.9651543649975192 -0.29971646753532954
2.230000671386688 -1.8658713274848922
-0.0853832458095061 3.3070248176490487
1.6082579556339989 2.5955624964199298
3.0056780356259853 2.7772995529248448
-1.0153111794474492 -1.1227968318005015
-0.799963264005698 -3.218955032816169
-1.6911627894422672 -0.4781994465507859
1.441158630611984 -0.425357006709468
-0.6855675573419123 -0.6896419927827796
1.4025941385149505 2.811111040050326
2.331217665815021 1.1878776953770003
0.6816426891073543 1.1909724805326092
-1.4047595970928635 2.008704466370059
-1.883091289731099 0.6138453544826732
0.7933967180751819 1.6720289457527222
-0.7676289415002946 -2.5580462796428303
-3.0259115758686947 -1.1074725029371637
0.26297443308301666 0.3038728382732574
-0.708512630617549 -0.22484743688235137
-1.7858554878233766 0.40807201317518266
1.1087714064936862 2.087205762992383
0.9512854061459847 -3.50716670473502
-0.21814310858812458 -0.7722638016504854
1.61771793983958 0.6454354059663235
1.7624905259935417 0.38233783054402215
0.1908844639024 -1.7602347893441106
-1.1716840466045106 1.6799218509799116
0.552968774125879 0.47378517238143725
-2.3252206612810418 -0.8432613606933119
4.562261211354921 1.8921717461918806
0.06287052251941518 -0.7300302213879726
0.6244731249826034 -2.345970881224689
-1.276948615725033 0.7794821880533552
3.532751258379718 -1.4683080560054016
0.5370813577855063 1.5998053761930613
1.760813480084055 0.47066638931321086
0.999263037856074 -0.15844081562472637
-1.7788394544989914 -1.3556477844886294
0.11799738762084523 3.5031590536553363
0.17715278442447177 1.8020409060749918
2.414026526947589 -0.20189835015827962
0.6279887856405507 0.525149557016325
-0.5037050588076549 -0.5612224547877457
2.4215777415984703 -3.3559792603767615
-1.2350478950521178 1.7682926209879488
-1.7414743198899798 -0.38106166478884884
5.369737881462888 1.0948216991999706
0.8441648129399515 -0.2297393476717489
-1.3231772494612801 1.140858497769497
1.5622621603223847 -1.03609203452664
2.602105269862298 -2.429302672778469
-3.6174965674267057 -0.9798782056060634
-0.15420352539962578 -1.051354615788245
-0.05622265575263953 0.9068308094337791
1.9995687096217778 1.3931594865075667
0.7455236231459489 1.0959890437683293
-0.7020597296150529 -5.193103615217715
2.2135744112364115 -3.523002288335398
2.667704141608799 2.2525939256985
-1.7975245276425678 -1.0261107982715183
0.4100849461913442 1.8909559450944693
-1.2283766797718079 0.6804412476892716
-1.6636749435222438 -1.6823348608844153
1.7801537698573522 -0.6332368595479339
-1.7211222067217722 -1.08854449219903
-3.3560510974418745 -0.4715398608424201
2.619008159675758 1.1359957480562208
-0.18495483840822396 -3.5485793102207923
-1.4634305097685107 -3.3301383920977234
1.0108027177035546 3.831259210227644
2.399344017297767 -0.41360806910808795
4.46337858207515 0.4483815237385121
-1.3557154318179607 -0.6524564112867077
3.706097594927485 3.6860338029415303
3.910258483690158 4.072188899965581
4.026265136903625 3.863135980577742
3.8626764033032654 4.253982742280751
3.653098521646379 3.950959143041984
3.9668018076726757 4.120158135724469
4.130004573245574 3.80414883265203
3.795493510634623 3.885849484961031
4.336317242034986 3.939948287901859
3.854148871165072 4.254138399696966
4.601015319164565 3.6063659469611764
3.7379918886399612 4.155188123649956
4.090358215783471 4.1762315158828045
3.4885128764647027 3.8416472372580084
4.021905991164151 3.612078783363522
4.113821578377281 3.9140277913058523
3.880202806200901 3.76880711006178
4.139682231451547 4.594562970161965
3.906396385633359 4.594782283735814
4.232488667952128 4.2185859180323595
4.013827562203607 3.2857035579448155
4.186242580649152 4.019011895339641
3.9349431169846145 4.0764864712067
4.390710687143556 3.9598450320560543
4.475272600614462 3.554283650757631
4.2182920316518135 4.397970602431243
3.578267512862971 4.065163396776571
4.319319790950252 4.208650767799118
4.053965490825856 3.5513820730004073
4.310603144281229 3.9637478560625445
3.759755718500877 4.583322466034291
3.7231969419276556 4.5123614272181705
4.284412101926486 3.9605196099859508
3.797273580073857 3.9015890240958644
4.324744309896291 3.7811709496051815
3.9195357487152456 3.915900835323579
3.566506637336106 3.955883309396133
3.9451984835108727 4.196576033295422
4.135983957629848 3.904164296154653
4.259173333463276 4.533815017523281
3.5888018276603235 3.788582252639355
3.47730987413741 3.834367063921325
4.620312380292328 4.259032573074581
4.314276557723431 4.203516224008551
3.968895813648024 4.0225255855380455
4.405075959207187 4.243815237261804
3.917997502030782 3.649002084348079
4.371336884808185 3.888789623406763
4.396257682388739 3.95343127389131
3.919781880918104 4.401413593236692
3.814527447838253 4.067809589984762
4.253248794447876 3.7282227321404218
3.8545489735319656 4.389638615481537
3.461215020913316 3.4682272977490474
3.9435972362353877 3.7813341687853432
3.9869209239620984 4.612572983303271
3.749198011537227 4.338700279520585
4.068040787529114 4.125641356948271
4.2062480360898 4.146728552923024
3.9727578270690382 4.069864480350679
3.7875485186376627 3.4457413627983966
3.988475034460994 4.2454829032341275
4.309785847028504 3.993508782382318
4.0722850489032565 3.736027920660754
3.8958647011488523 4.247818954851946
3.8080009734034044 3.8168067431641703
4.149179154708019 3.9554538947103786
4.011466665400201 3.488356838230989
3.6172472568584624 4.20470117371381
3.588540111620969 4.156600378985217
3.7420676733724783 3.6676924504307973
3.8131988757918975 3.300996469037563
3.7794368353502596 3.8805421334882655
4.361530635333531 4.037707207614036
3.7083142767008956 4.125698444629202
3.9673815012392017 4.043692433358385
3.8640562130393246 4.603903711469847
4.038763545425551 3.9692890792155673
3.142898818233321 3.9284746871888836
4.384349849870881 4.11767248932999
4.072420968441741 3.8368895655124815
4.222594964275427 3.7554807065551503
3.948076724664928 3.771492821163415
4.06491379966939 3.9890803511055486
4.144269434383422 4.100677415471806
4.063141462707455 4.001139297125384
4.224934099416414 3.552287697383345
3.5192556484875426 4.1748575676163036
3.9129344873939416 3.526660195514639
4.416686491692124 3.8558997337848204
4.310239767153795 3.393820750350082
3.5999018964603997 4.2912153266871504
4.4661494853953 4.714414734398939
4.144437579629788 3.7256208042688996
4.253587920854576 4.5498145570881885
4.46831613411176 4.1613485609406276
3.6640899514689025 4.1879008800121245
3.8817695579123854 3.90778045987593
4.06886272325727 4.353390582574841
4.00032706163389 3.8541013730233415
