-0.40483168196493907 -0.13437274413029116
-1.5030918946725844 0.02314230540718109
0.40804757754465454 0.06141529479070405
0.43011995920117285 -0.14405892922953603
-1.6727201899646043 0.04848908345286843
0.4079861009206139 0.02586906361825415
1.353143679582833 0.06726905752670063
-0.5088322923907532 -0.12968815745285472
-0.5810835838842214 -0.1238143489145523
0.6803240251714255 0.10983692144857113
-1.1640145586161117 -0.06338970291407298
0.506972999042346 -0.06375939387401262
-1.165254660717144 0.14516176964691635
-0.18205308087025782 -0.002691055900527174
-1.176164135028324 -0.0904810300482096
0.8150526536842041 -0.026368251723000558
-0.3455007069059414 -0.09631103399067484
0.2990895530067238 0.08469499499880485
-1.450964705718406 -0.056223660286609176
0.5527664946298888 0.08653768729471054
0.5497826466494403 0.04000485115223659
-0.3615209325105006 0.05719169104989591
0.4807569644730882 -0.0297325772798822
-0.47552952389449044 -0.02745113421979397
0.4765471061312794 0.019417554143863945
0.7925647697633471 -0.029415140432226115
0.2956483544216525 -0.053860911960086834
0.2752592225107347 -0.026013419081777883
-1.699308263925785 0.039057156198273164
-0.6443180662226112 -0.04361809350035158
0.7320750376900611 -0.05905339697516656
0.5567039841729039 0.0605466401656584
-0.13150298866880847 -0.05013250045603139
-0.8256907924745154 0.08726777236513619
0.14948287958121795 -0.0012661048790960686
0.7074792854539339 0.13412969316684079
-0.6198635691422182 0.10725766916235316
0.7714939072927103 0.09311994148263787
1.379752387627988 -0.04099154527375511
0.3453046120316064 -0.016655708688326328
0.46360774792014475 -0.1576499309086629
2.024823715633282 -0.03545407105804208
-1.3494031812166996 0.002190781239862172
0.11841764883231141 -0.03427357381048342
-0.35640260106191707 -0.04531631788368663
0.10116807616924585 -0.16320857054022092
0.09437938019955118 -0.09515804214605472
-0.49051047491379696 -0.009127391372892979
-0.6797708106730901 -0.14307300463256406
0.3231259507793393 0.1796560149110043
1.1288313948020519 0.11570325024655082
0.9979576792683323 -0.10277383343729052
2.2980475934404647 -0.0029273096805641093
0.6643890090093567 -0.04761007753018648
-0.6546722170656847 0.18826092289735186
0.14629609067984756 -0.07382696872666675
2.1141273707494173 -0.031621387740600714
-0.3954969160143824 0.09232757404852766
-0.6147294796260873 -0.018350574669214092
1.1553904647022 -0.02549190970331856
2.3235768088041424 -0.10741605727434995
1.7373079749625044 0.03226388691402583
-1.1051064333524439 -0.15058239021465852
-1.06983213651527 0.011139421774483665
1.2521636769148652 0.1356208147327666
-0.44842106142149424 0.057146612468201505
1.619599008647176 -0.009878090291383599
1.4211077103019134 -0.003182199096202013
0.2763231919103833 -0.10621395045362643
1.3626032300634707 -0.051702648306901945
1.8946295357986314 0.18555198789949176
0.6400724842014813 0.04745636838875872
0.44173643565617493 0.006219508330377028
0.07287992877358695 -0.008727918650419246
0.8793480155119685 0.04663631930913435
-0.23606542416721557 0.08341797051666523
1.734974872935882 -0.030314573351874735
-0.27119200643194374 -0.0663627172331024
-2.1102380601003974 -0.05257563458352195
-1.0870444969358464 0.04333081099415388
0.4835209933317492 0.14341929112239135
0.6015705458037928 -0.10344225908220532
0.11268449992429444 -0.08433223066147663
0.32076668940961267 -0.03165439017303505
0.2230707260451387 -0.00684003268090564
0.923912871334136 0.05561243736833347
0.31387544404629486 0.04820944493359087
-1.0279668343479629 0.06841451378845374
0.03481064837158593 0.11079962924914348
0.6390633598602672 -0.0830627151484107
-0.2683477779363509 0.14608147455516085
-0.5956490435814992 0.03578220389072499
1.6807222791910785 0.06696470421414015
-0.9232603528660289 0.04952782278995612
-0.5909014299565518 0.0899219142996556
0.23270047045796427 -0.11902609530021246
-0.9938789984167034 0.10160247715265236
-1.4600888603110946 0.12432675854248017
-1.0673824349765122 0.12551915695900956
1.230509569178417 -0.04305538014185187
10.906374954143285 1.0524631067536672
8.114086295745437 1.0498518579074276
10.912205935438205 0.9498800029604155
8.676010951125548 0.9417490174499958
9.45123861473968 1.010118749998123
10.270590446444078 1.1554035866529797
10.445073419513841 1.2427465282866745
11.177187931910641 1.020786694436852
11.436253454206502 1.0955420679015238
10.383879094678127 0.9878780846732841
9.127506679694765 0.9506219171293455
10.928106499730502 0.9957178998062849
11.910084720015941 1.0317181456353866
10.658945313838716 1.2014518870663204
8.440416132964243 0.9652184031043403
11.346824920567066 0.9865246227874296
10.589828430706731 0.7537313532115143
9.915937949761949 1.155735782780008
9.240627369373268 1.0312181782174217
8.547036202390693 0.8261363838952477
9.920230513361485 1.0133492212553572
8.48167066167206 1.1043587894935158
10.813463703770564 1.1150855186247404
10.946628461957292 0.9011895340078446
11.253057276214323 0.8602122371538673
11.0798454159587 0.9301396384288314
10.584046605121953 0.9384340826668632
9.153407861250598 1.001890215009523
9.548878332905405 0.9006077998611444
11.904084231093668 1.0180672226720313
10.972245707244321 0.969021909731684
8.19308209497075 0.9825028301635056
10.878168438489045 1.1357554465734332
8.7614248887488 0.8404625317567899
8.401658136866462 0.9162241914499971
8.966088694547114 0.870113030596011
10.69816544472612 0.9599323053468269
9.627748174418613 1.1061535204295814
8.64907859977615 1.1263835895884782
10.39608876045971 1.0236932304105684
10.415651396869317 1.166850831341733
10.002057765890854 1.035005240034519
8.579796203811073 0.766613324933242
7.4299116376312995 0.9402536335246218
10.140483593124323 1.0228807968934401
11.312475349807658 0.9613038568891739
9.966032209978863 0.9255847804681278
9.297256203266397 0.7769781583010424
9.193764919416704 0.9850313960370582
11.37595464522577 0.9831684628798859
10.6635587814385 1.0024220352359925
10.154718884536544 0.96708782871026
9.202008175709224 0.8164035006472095
10.308156311877863 0.9857483338164554
8.256363246438994 0.8665839215631699
10.673558134596036 1.0535224722213619
12.107304878473537 1.0746430088149361
9.275172060306451 1.3347661303527047
8.687954533375828 0.9013885865613689
10.297307929454787 1.142775776526196
8.998398612468385 0.9565054510575532
10.268552814785176 1.073728124316913
7.791147599923368 1.0118958236510738
10.812478149435123 0.9119111383449473
10.462454079996185 1.1476440457929076
10.082957507180248 1.2085313408787859
9.313456875519952 1.126628287949161
10.081547567490004 0.9309320508989201
10.976199671667437 0.965747181936426
8.420803566489836 1.0392719393521168
10.129539404469595 1.0155681550469728
10.524823603184608 0.8975856416852228
9.478265016148532 1.0742062435280781
12.592684706878147 1.057786746763783
8.931342718878657 1.2027707706806283
9.121555040793966 0.9872735823674803
11.144897675070041 1.0408493380445438
11.066857857926905 0.8237050938170389
10.800285595781535 1.1269513892461933
9.92028766906801 0.7875141015616653
10.104612747959148 0.8657618954445431
11.183746161506004 1.0171500608228492
10.751384595834258 1.0540218486757975
9.401773989609412 0.953432414461234
8.330205961339136 0.945422818538413
8.362362050874777 0.8900372548220702
9.626793353450857 1.0856131917371283
9.927604507991681 0.8478518583647503
10.34562798761616 0.9269895143837908
8.210126870847619 1.088929495822033
8.816474643273999 1.0351717119161599
9.275673425451512 1.0179332765321072
8.685547939569274 0.9249936803718783
8.544419038520259 1.0338397551546485
9.422150619074404 1.0955391903601257
10.273047010125088 0.8603015022480598
10.303725305375313 0.9661669147135254
10.191998846218114 0.821106941893019
8.396810596002563 1.0847976191352287
11.315816573257981 0.8901495606269908
8.105946384550835 0.18624038065999085
9.635666277574375 -0.02667638449511626
9.47271631294926 -0.003583986726712853
11.560542345081931 -0.14566711785302103
10.458076269912445 -0.08947443766864101
6.964091602747416 0.022415573170053625
11.230348166425467 0.03604269029274594
9.166079857755822 -0.04373572173245631
9.994796882729547 -0.10548275784947703
9.663121992687788 -0.05471947000518912
10.031070684422934 -0.13193002760323538
10.362395036557684 -0.023638371380811027
8.963038971892598 0.06149288955240867
11.03547165731716 -0.07324339684720689
10.28713039147868 0.21243671873943396
10.05774632167891 -0.05695786593416213
10.305834005944902 0.011844878869019535
9.916294093394871 -0.25312115495233983
9.846120833634584 -0.12129535298475294
9.084371173193547 0.020837557379758776
10.862548411728433 0.053880231306780955
11.069596823434637 0.12420921174197294
10.861729138981921 -0.21374079077939748
8.574818035405205 -0.02478756851277323
11.889619484281603 0.053376110590753714
9.98403798764294 0.07423918212751233
10.063369687080625 0.021421617818215347
10.020750408772956 0.02131016681441792
9.53933222444702 0.2191761971580402
10.518612370954463 -0.050930226589622665
9.311361538051235 0.004361401327290543
10.42567132419726 -0.04749059285023836
8.952665132508399 0.008550052600011238
9.696388543654905 -0.0194125478473802
10.095367136647026 0.10601657420533024
9.781928870425668 -0.11152259406611295
9.712873705882544 -0.09589677667551368
9.430031738802832 -0.1704867520580129
7.431749695531545 0.0714347573881757
10.971996327824021 0.09715720125991507
10.48318295615334 0.033130090606166965
11.058060495592297 -0.038218134309582305
8.09512770176553 0.1560354353633737
8.368568197550488 -0.23300020314559505
10.017599546946002 -0.21988058059998275
10.32168139557334 0.10293004495991549
10.591328510572719 -0.15665078440655397
8.395859149215045 0.0032081032292669643
8.516565563961281 -0.25405505366245223
9.457099578805769 -0.08232009361130335
9.724165279960939 -0.01440095189941627
11.21140625788923 -0.017737991466209208
10.472260120966856 -0.03206666057013552
10.684269783787903 0.12915341854424017
11.330157342719675 -0.05587327419208005
9.108768980609849 -0.08963998539924352
9.760208148228735 -0.24425043711682726
11.095448443380953 0.10854482357616388
10.262581962918643 0.2705723860597061
9.271624840296914 0.012071271325967385
10.895185211914962 -0.057803902848839996
10.521191479173497 0.07524503656424852
8.7419307193825 0.09651000716322791
9.60010496011361 -0.05524818807552752
12.340322088147268 -0.17478001342575028
10.639412808076106 -0.1106796814177952
10.293481044361819 -0.02401289206164019
9.12565912157962 0.005837111706397646
9.084635865144456 0.06712594291846281
10.131666889027265 0.22281468515965547
9.458497021359408 0.175049961442951
11.31773262698164 -0.2493700400157087
9.849339418314624 -0.029196900810226068
9.265136111824308 0.030336055276874004
11.972896614933893 0.07313967067542612
10.593045895090736 0.13314639388546745
10.154978565037979 -0.04382893788778214
10.312343004701052 0.08018439493460836
11.310222057465603 0.003386408920637888
9.894762219339043 -0.09825525864804283
9.031115104170885 -0.18178127036904176
11.00164922021417 -0.17276767006805122
12.352951913424 0.13051692613687332
10.28589467548011 -0.018964053202273387
10.426909413323104 0.13187937085695828
10.67197054658802 -0.0035572974936529606
10.822097912419727 0.002500112775161238
9.340703682168295 -0.19721828995802704
8.983926066503868 0.0523078099104141
9.30962466036131 0.100569517087481
9.6231636475368 0.07478101308738418
9.851357020763846 -0.09839086797509303
10.64511552065953 -0.07015759631862319
9.990161129065443 0.010885181999849227
10.468411658030584 0.0978918433077727
11.545382142248695 -0.10966625450095908
10.372276106699072 0.10852198206383071
10.177731786347247 -0.11379557627564163
9.762585478705475 0.056256965394478206
8.894119138653139 -0.0860078191591199
