0.053934655151647554 1.0086423237288227
0.06216300454492403 1.0469765982073518
0.09183036524860264 1.0496829159697103
0.1743309667350738 1.016219198737407
0.13517475947922297 1.050017615979301
0.17156972787174085 1.0593931933896685
0.2775698973895719 1.053931094294427
0.25044683450851746 1.0265048199901081
0.2978712535296243 1.0395938019339794
0.3106050115372708 0.9842981646921891
0.37837429287541974 0.9553019864807654
0.3748982782507247 1.0345089442850535
0.44034740167673925 0.9316332639695567
0.41788727289216265 1.0000794633933243
0.4543070812452694 0.9501607350433239
0.5150894809940131 0.9789596168955879
0.5694996249260412 0.891682348431949
0.6062954042496833 0.8790528096891054
0.5651976142902636 0.9439675479910832
0.6328178703717726 0.8285192330985254
0.5951360003294818 0.8667400468760179
0.6655752043577278 0.8416479518059803
0.7256304654286352 0.783028012659131
0.7595208767272875 0.7844029097597466
0.7357385275438777 0.7527192313823029
0.7291570044128148 0.7175835070601089
0.7952093788074088 0.7614403730874385
0.782323478860812 0.7287566197119233
0.8063666582235096 0.685257585444018
0.8067854058297804 0.6138142012032821
0.8106581808715537 0.5975373438523184
0.8602098421219934 0.6382342947198401
0.8532013650493611 0.6200643092182272
0.8907050252980293 0.6013376706429611
0.9257198123967081 0.5268867504159968
0.9634295050468453 0.4812507704733065
0.9208556458302904 0.44557997730681187
0.9549010502087723 0.49266561283225574
1.018617326159407 0.3726454842559016
1.0042305749113196 0.378452065946219
0.973598654545895 0.3913637778124655
1.0024749008481246 0.3427231666907035
1.0188140245226582 0.3094581747722195
1.0261926709481783 0.2576571352297725
1.0798537075611092 0.2700508681269435
1.0414025635372313 0.2517927593510659
1.0164048308967253 0.15077723909016358
1.0123246532922505 0.10177672343910207
1.0726287597459072 0.13229762225867323
1.0910258319209412 0.08922137512280709
1.0794149246979887 0.044266543733600845
1.0455827108402536 -0.02807230265292586
1.056778856994407 -0.018013529097065564
1.0421108949181392 -0.06673232058406164
1.086302479415075 -0.0880139415115999
1.0510484530254154 -0.091856186011138
1.0258286784039512 -0.16092434682160756
1.0195383503772708 -0.18623036120834968
1.0677360826964322 -0.23614372223460997
1.0590263429168458 -0.18066303537393386
1.0324948470901276 -0.22568519992255542
0.9972423815840478 -0.24946167515399506
0.9563808694515354 -0.33851159875252224
0.9756779350908487 -0.3551097002406808
0.9210661698353239 -0.33304613785857384
0.9679214259122 -0.43933714498018495
0.8774349395625782 -0.423578736717675
0.8640325713241275 -0.41022254948399695
0.88520805606214 -0.5174775552047945
0.9186374407586317 -0.48091619480929404
0.8716492469114182 -0.5374078579899544
0.8372725758102146 -0.5588630746582293
0.8339240837474208 -0.6088395204833282
0.8104005871741279 -0.6564134025969147
0.7444729023099927 -0.6747485135584687
0.7912690487735127 -0.6203307971343957
0.7324322197614952 -0.7080911834207736
0.6632517944148193 -0.6653077864123514
0.6425526068337049 -0.7579412779971333
0.6264090993240362 -0.7175092076968139
0.6806157831698862 -0.7659173360361108
0.5965430605336906 -0.7807761990246317
0.6140527525795557 -0.8280527072134158
0.5210306651745822 -0.8098910948440079
0.5758032226425271 -0.833796274020018
0.4694260727374714 -0.811032614875706
0.4310050003057223 -0.8317441452151545
0.41314674428117576 -0.8386601562260594
0.46247413380874264 -0.9071007007457347
0.34752279499496364 -0.9066207877921559
0.3260617137810246 -0.9406559280740651
0.35923697620350187 -0.8696507708889397
0.33590954096838044 -0.8711892589423141
0.25149370038787744 -0.9646231277505443
0.27593312756273436 -0.9110518261736041
0.16798351039022294 -0.8882449110166505
0.13456083756927203 -0.8954972261964849
0.10118224823400906 -0.9076505231536471
0.13182643677037914 -0.9569349816545248
0.07265158823098139 -0.9808119682158322
0.5745522400188336 0.09267110763175346
0.52746696154722 0.0351069852514464
0.49169679380462766 0.040874074169064606
0.4236112207644098 0.037816730554904567
0.39353777665813594 0.007898920190114879
0.41496549984467207 0.08282730753525555
0.411222455752032 0.048243669593315344
0.3732871777089334 0.06329007500333644
0.28442201044820004 0.045219063998073294
0.27218882353729534 0.03714149025502578
0.27109172499635553 0.022132194379504297
0.2517113798683047 -0.014530451924617445
0.17281589767241756 -0.04437738466358117
0.20254113465236864 -0.03660266594284875
0.09550249932679344 -0.01870496396524915
0.13085904125780756 -0.08765153560232022
0.03969945536112415 -0.07698303759335745
0.05228459398581914 -0.10487052354304605
0.03075038425330842 -0.08315849969144036
0.005152161211690279 -0.11775592098774694
-0.0801223384689293 -0.09975949941851728
-0.07809107181120571 -0.16930983032726335
-0.08918031082065868 -0.21642417606161327
-0.14952984821321744 -0.15526310976202934
-0.15345415176920618 -0.18288991697451368
-0.16488867087559447 -0.2893416004398422
-0.18403618012796635 -0.30393714287214496
-0.19236585947516624 -0.3177957369646666
-0.20603367637255526 -0.30534295743803214
-0.24126300070183276 -0.2949514097931015
-0.23163706152286498 -0.34045847497588466
-0.2768844008445087 -0.37702850579480596
-0.2790365592519699 -0.3722782680352672
-0.3524115904992677 -0.43125413860386863
-0.34016628542098 -0.4666103080697633
-0.3738421084200188 -0.5161912074316259
-0.33296759887520416 -0.5309074110361911
-0.3678661114435051 -0.5476055014973001
-0.34268198775705627 -0.5986516915873119
-0.4335539508085471 -0.5792670324502625
-0.40693434547187957 -0.6534853995633336
-0.36254415356754877 -0.6219940310286087
-0.37223798121300516 -0.7433191136921665
-0.37754050781617277 -0.7254610384094426
-0.43032051131016624 -0.7858223401135743
-0.4615986114507553 -0.7478690401228694
-0.47153027230067623 -0.7767161556448977
-0.4429353745239666 -0.9034803993425274
-0.4535735427459652 -0.8889433676104541
-0.4379459070763537 -0.9614261368941518
-0.4284651161412254 -0.9009454683129314
-0.42679501798032354 -0.9379610484799091
-0.47531588714136114 -1.0060131439675057
-0.4078352939460672 -1.0892246295561687
-0.4601005511578248 -1.1230885536624469
-0.4741327081997053 -1.1029592787720994
-0.3996076596258572 -1.1323466361080232
-0.4749649572234322 -1.1902365795806102
-0.4215217668106549 -1.1672851750361244
-0.36238087924681206 -1.2628820101249996
-0.3791342401113499 -1.2294750427712853
-0.3510118346747401 -1.310599773451733
-0.4240468712521097 -1.353246100605108
-0.349784188586989 -1.337974838224831
-0.37809244450663076 -1.330141092222669
-0.34419825402265636 -1.3691581155061745
-0.3269319260736438 -1.464417456785032
-0.30600383487544347 -1.4860689169491685
-0.3000451037975007 -1.5248377522554373
-0.22893217660851606 -1.4999783045858965
-0.3081809477664946 -1.4883374770407336
-0.24169359132104543 -1.5913833068217036
-0.2362691038113886 -1.5530202507854882
-0.15654539766734366 -1.629101793583961
-0.20939204745380388 -1.6767449603520805
-0.14986231983486437 -1.6304102656949797
-0.15876472434506503 -1.6353971800722606
-0.14388406873664603 -1.68902462752037
-0.08802318124932845 -1.683948784029754
-0.051698798504356956 -1.727287768980352
-0.04295656352206967 -1.7191045814405745
-0.0239996753577228 -1.8048037953617613
0.04365314089326472 -1.74552522146564
0.009137865050737003 -1.784724669205882
0.04268247051408268 -1.8541968682940453
0.08567517340140512 -1.8462492420690464
0.15310657507879216 -1.8896891056445435
0.17938378594005472 -1.818460963916145
0.1975863359472812 -1.9251298365219642
0.21776970133228388 -1.9268381837548483
0.19378937457430845 -1.893487274929124
0.28342811093567816 -1.9554446396656193
0.3101272688919572 -1.9588150930827462
0.3558984487402099 -1.9052989591338214
0.39637982168815694 -1.908845454366377
0.4369328023274928 -1.9609375953246087
0.38287528970687107 -1.927041518691107
0.429530047910172 -1.961652445779517
0.44647181837442856 -1.9862609511813738
0.5213011706265613 -1.9021548295940516
