x,y,Class
-0.863121625611072,0.5368538486527031,1
-0.6353350718627998,-1.1767170817798653,1
-1.0874263178531685,-1.2799265224062328,1
0.8857635227886488,-0.8801177763670215,1
-0.10527394853118252,-0.04883867048736485,1
0.10955133950140239,-0.9544919311456681,1
-0.5547109425532513,-0.4669000665968891,1
0.2655624973528667,-0.5962867970376189,1
-1.5936646145994982,1.1596436050891525,1
0.0010551916330693212,-0.29362347287060747,1
1.5305855663993746,0.12646047178929393,1
0.9207752002697782,-0.6138201628573422,1
-0.0012649238763820052,-0.08952446909808391,1
-0.901550466369212,-0.1866277626356208,1
-0.7992372358974256,-0.7282314845771509,1
0.9670502092216475,-0.20842650187194495,1
-0.6689705351486938,-0.552011445892929,1
-0.5807063699647373,-0.9807255911136041,1
1.8912246766068639,0.13461506971886653,1
0.8356153756269353,0.17557777082301346,1
0.03898737075867024,-0.3233733625153509,1
-0.25823733179864494,0.31396791780071787,1
0.036750753982009075,-0.4728786911626257,1
1.2905067991695123,0.7537628349991378,1
1.054242950678603,-0.8983978662749802,1
1.292580374975177,2.0994324508041875,1
2.066324747200814,-0.7770010526552009,1
-0.6764216001303106,-0.7416211291777572,1
-0.2682269070456772,1.2172125863869103,1
1.0224508735742868,0.5846251235798599,1
0.6276537813536449,-0.007373725931074283,1
-0.7301929431954673,-0.2227937493601649,1
-0.4804699536983402,-1.242410645662621,1
0.1512541861466637,2.3409511464293824,1
0.8063456855056211,0.8185147501354054,1
-0.7155989878995865,-0.04890071968360966,1
-1.0245179584301645,0.00838089483908635,1
0.0936545716873514,0.09133568745671401,1
0.05150849159878511,-0.1684904561560881,1
1.2444412973712118,1.69954990761846,1
-0.6698688861656358,-1.0909631275785352,1
-0.7741283943712284,0.320125906212995,1
-0.3151082329978407,1.0959676219382963,1
0.3268158119901546,-0.9156502602477757,1
-0.8123828975033546,0.6129865388180705,1
0.15018996194917794,0.14395700776286344,1
0.2255106017013208,-0.9392113567588817,1
0.8570353502645247,0.35543180811473735,1
0.29572188036824776,0.10943431268859603,1
0.22189891274078133,0.6122326282583079,1
0.56604297366996,-1.3382442702719914,1
0.7133881123639053,1.2695774142084009,1
0.5548875298144519,0.28648504076168474,1
0.7084368764155766,0.012802845337391467,1
0.3810118427466862,0.2892270243856614,1
1.116043292342936,-1.3769230841643856,1
-0.46257192300772776,0.16275979387587933,1
-0.4082292711811438,-0.4875592035019025,1
0.41593528712766065,0.0768271327535433,1
-0.9300820312338857,0.17863491010792162,1
0.6306944690814533,0.20896479561513043,1
0.3048880769438205,-0.7985496419012671,1
-0.5997066330467059,-0.3640819854349045,1
-0.5520730658869906,-0.1423279976185777,1
1.2517610403009218,1.4403283704888714,1
-1.4706639092331237,-0.5379372656418545,1
-3.042721003362407,-0.1257710266700864,1
-1.2610549443568135,-0.15218052170844387,1
0.40637608696951344,-0.5424794416757536,1
0.39581935824533765,0.1557555840673016,1
0.8266763615275763,-1.1146198735871933,1
0.8584255709952684,-1.5313349214277023,1
0.35031513149652327,0.8614698607402929,1
-0.19159539824786778,-1.1825739907633348,1
0.20962657597899012,-1.0599727910328076,1
-1.1186123910842491,-0.880423311968428,1
0.7246426791040219,-0.3106327860357666,1
-2.7966756309169036,-1.4077096908802542,1
-0.24566131512817865,-1.0060648115745816,1
1.159130251127627,0.0520409619244161,1
-0.9827971400517858,1.0839282059332291,1
-0.970260270746256,1.35103085819572,1
0.762259841813896,-0.5406685172632185,1
0.8495052363936023,-1.0727572185723795,1
-0.6475900669352841,0.5645961041674745,1
0.19443999412215013,-0.39380109698238397,1
0.15303119092814915,1.6376032522616737,1
0.07916432013573324,-1.424679490675446,1
-1.1023564712166716,-0.30133091655966787,1
0.3761298586427876,1.5065829133308692,1
0.2740165906562872,-1.012720907611136,1
-0.9448259078729363,1.5417023945428123,1
-0.2533944656281198,-2.5831672285692986,1
0.961568457865911,1.105977797691249,1
-1.1092784931519708,0.09961797303596244,1
-0.5040634849717681,0.5481702200719372,1
-1.5124500023669685,0.675062591056299,1
-0.3290688276882603,-0.9707893469667885,1
0.8129269633096006,-0.48044864369668605,1
0.4910688148039432,1.2917660992678859,1
2.668300001740633,-0.36420562837984716,1
-0.3942034924240582,-0.016697057808122594,1
1.285200215320501,-0.24619149641311142,1
-0.549105547917754,-0.4398945064195763,1
0.27850692334509924,-1.4926189969297858,1
-0.4726925765899577,-0.542012009158229,1
0.4172579176068956,-0.14163508986551465,1
-1.3062613335678943,1.2523023892020604,1
0.5075593547970327,0.5710949586515854,1
-0.2629637535944327,0.05883841431331101,1
0.09358114344892568,-0.674540894205391,1
0.16166473421417968,0.1245402628711824,1
3.2619339570590986,-0.42899744678653245,1
0.4440524247460239,0.1649330021323166,1
-0.18835154585347527,0.14156263854567386,1
-0.08181947539527455,-0.08379019483096813,1
1.0604982912783172,-2.644373749828917,1
1.2091347199422688,-0.46946464774014623,1
-0.6130207394946151,-0.053554149891928006,1
-1.643504365336855,1.0697307762434087,1
-0.0021947913085084026,0.3408598928327846,1
-0.5793719515452274,1.165355990231672,1
0.29458100043825697,-0.6315831179918122,1
2.41087378805396,0.5572568467567647,1
1.608650699013499,-0.07566953968365059,1
1.4354588074836083,-1.2930247788139557,1
0.1471460682794596,-0.8029091023394371,1
0.15222773724964078,-0.3366105458835003,1
0.11995000324321889,0.658280864397862,1
0.3248908208217899,-1.321483355855836,1
-0.9875280882313455,1.591685262886034,1
-1.1217448588751036,0.7228040593579,1
-0.3587668976811553,-1.3781787356905524,1
-1.2353289071534446,0.7789188104093169,1
-1.6066204360896843,-0.4370175009880615,1
-0.7182399199794728,-0.02621842174754737,1
0.7713349929098379,0.45548268280391246,1
-1.2569266407926065,-0.36870135841407875,1
0.057458851877612814,-0.028325452969320514,1
-0.6053771683424806,-1.1373858288048475,1
0.47580706805748796,-0.10028039689074979,1
-0.0006651908504034214,1.331072336075015,1
-0.7617858803244633,0.7887680565092315,1
0.13843202692237072,-0.7040760599055983,1
-0.40045993029031157,0.6625203853312416,1
-0.11334827299761918,1.2034741780180678,1
-1.0494522296679538,-0.18264912212594642,1
-0.6042299350433646,-0.4569777624933827,1
0.20518454616243118,-1.107800847282794,1
0.8122849812232663,-1.0420937609703254,1
-0.5255092812510105,0.7887325281155256,1
-1.8323204192361473,-0.8791891739002514,1
-0.06494059384968896,-2.203889597235867,1
-0.2015587493776447,0.6585608858354258,1
-1.414644047460424,0.5073124869890483,1
0.7733715043955476,0.13177947818234176,1
0.36668172408431127,0.9979401094552142,1
0.09409875988509205,0.12239878399218311,1
0.9861920426341526,0.26714435533054853,1
-0.3253893455338538,-1.6199902343290027,1
-0.3575015433421369,-0.9066688384746595,1
0.45954667393034393,1.238179230599166,1
0.6481489166363811,-0.35744067184421036,1
1.5265900319761005,0.14400793566386402,1
-0.8722097206191015,0.16931815098393296,1
1.7813773209541166,0.6306144158911048,1
0.14584631064690584,-2.3550127425550227,1
-1.005524148361838,-0.35396519368145574,1
-0.8746944860730383,-0.7132368447224754,1
0.9503099702544123,0.3572709594557421,1
1.4575233159391785,0.4633174325615619,1
0.4662036678688027,0.5358470177977841,1
-1.2022374081667504,1.187130232568554,1
0.8298765137643066,-0.18898913264280218,1
-0.615160505403815,-0.040200838796765476,1
-0.6412899081066826,-1.228988158998275,1
-0.5674629833136797,-2.463036573887597,1
0.8823725751382537,-1.2216007254865673,1
-0.3042549502927614,-0.04881196147149287,1
1.1560367404858969,0.3706396735676866,1
-1.781966877956532,-0.0621060633066052,1
-1.0293993599749567,-1.0111677011797442,1
-0.40586273411831136,0.13263737458845234,1
-0.22765620341208365,-0.4022425836358505,1
0.22105104030408693,-2.0559478008880268,1
2.1112915199187916,0.6892850922913004,1
0.601636897263615,-0.3735121833116217,1
0.5418189887801894,-0.5537485409433323,1
-0.008866844297200733,-0.6157580727590406,1
0.5867758460711612,1.5343677287062119,1
-0.7868605560402347,0.23394375846307802,1
-1.2496572512647584,1.6844665565345727,1
-0.7915488206868843,-0.2381562616808777,1
0.49292738250254714,1.5460121068956965,1
0.9926441323031908,-0.8948426677547584,1
-0.15601717810201857,0.0786092011236923,1
0.21117237372574937,-0.6999218373346215,1
-0.049733345319421064,-0.7150443736782945,1
-0.5896885165198898,0.038792012682975247,1
0.3406166552290958,-0.14090718605864488,1
6.19366966001895,0.46630346256109095,0
7.465783596719006,-0.3876575888122353,0
6.29985426691572,-2.3823104019030215,0
6.239821181697605,0.45950141805359973,0
4.719266643435744,-0.19844317276515666,0
7.049657991807461,0.7342117599336232,0
7.359835086704654,0.5267831380673949,0
6.886540787559961,-1.341702803732298,0
4.250323056778603,0.6710451619463611,0
5.241207326638293,0.9203316253011925,0
6.998183944378255,-0.3925358539914149,0
6.654315328429158,-0.41416760001862357,0
8.145783478445086,-0.08893301898579987,0
5.882183595850882,-0.047951292224549,0
7.341370001981863,0.9823577619936138,0
7.305794171644379,0.40591803997713066,0
6.634265450033732,-1.351723143891664,0
6.941905254415821,0.947499008071897,0
7.569834820054545,-0.21173772892772388,0
7.7702482882229695,0.7636709474174264,0
5.935485882134049,-1.0254601574414575,0
5.275750149214401,0.3772266138029258,0
5.39245637818001,0.08948639117064294,0
6.8980635196344995,-0.7808239390254033,0
7.505584262465238,1.0641371592983615,0
7.1489455694636845,2.110759135725854,0
7.034942018655048,1.4401582098912868,0
7.952926809478092,-0.7290805624273834,0
6.351913082774517,0.3011741394064022,0
6.491583274440256,0.586670083553518,0
6.236650177123072,-0.4619956966783524,0
5.844320180485276,-0.9447798469274074,0
7.431541600612965,-0.24092986478011647,0
6.079792666677293,0.4499270950212951,0
6.043082329358492,-1.1539892917325094,0
6.51206084520146,-0.4217911401977354,0
7.048061449314906,0.018028183768118395,0
6.628192191826767,-1.429708670878789,0
5.6189292395274615,-1.1426291107302418,0
6.685500793376236,-0.8125056568175274,0
7.279560381025717,0.21425464176489384,0
9.062470848906463,0.16954848406359985,0
6.931742267441368,-0.5900299111263692,0
9.382746607912905,0.3842161350443177,0
7.27291741204434,0.013833434894612662,0
5.3892237380476065,-0.705216507398883,0
7.018807957376539,-0.5020969031635644,0
6.9486697784718885,0.25701180058243533,0
5.98983374961464,1.5874644493003671,0
5.24754841751658,-1.365864862202761,0
6.740009121173861,0.9597346854573416,0
6.540726209106727,0.2886057974350442,0
6.196871744695998,0.90407589546558,0
7.083003592695866,-0.18955066665926043,0
7.0965833007955625,-0.9810121951447681,0
5.934916417977931,-0.4661082585455676,0
5.608942613052415,1.0114311808461567,0
5.856881645122757,-0.4664913540860833,0
5.63914410373124,0.825792035391104,0
6.6213869333285595,-1.19078370739251,0
4.913978865619973,0.5593843256235425,0
5.7419768541133,0.9339498510706152,0
8.403787936536498,-1.3680039599538878,0
6.337306034286759,0.977621432077269,0
7.421620010242487,-0.9894968663990136,0
5.337433402117357,1.2301823613805112,0
6.388861036189675,0.06394092613182036,0
7.186370806019641,-0.9242120212116411,0
7.296323838438446,-0.1534680399025662,0
6.788637175058482,0.2950041986196594,0
5.721408373322319,-0.8380680901916612,0
6.045875746237379,1.6045335187324012,0
6.703139754254841,-1.361055649173031,0
4.729686942328474,-0.02044752555735975,0
8.03465054382312,0.45886825368050627,0
5.751482754844033,0.9657135092954341,0
6.228092930065622,1.0868013966356633,0
5.6461903788320535,-0.2410173623988246,0
6.465113474887259,-1.600256823582009,0
7.855482176758622,1.0511721776021943,0
9.103413294017276,0.8880072099535304,0
5.829495395691138,-0.4661251618737473,0
7.640784191831305,-0.9297327555008957,0
6.67231808673544,-1.371749846791079,0
6.149103589610777,-0.327157975003523,0
7.67280389789488,1.2093154585294685,0
6.446948973344476,-2.0453410961057457,0
5.407099023448727,0.04044735058005109,0
6.938125798677104,1.1934360242185973,0
5.842210212499388,0.5997822100579852,0
6.239211369754152,-0.1852673614205346,0
7.3655177036811414,0.5181068722865212,0
7.913282077099833,1.5177614901503882,0
5.457390924491331,1.3182313389725702,0
6.241755250650276,-0.8252286114236267,0
7.113521372752134,-0.7697730930656734,0
5.294760358440387,0.40877765922925735,0
6.952144825488706,0.44814710251389595,0
6.032744156110278,-0.224847504559369,0
6.246696548141168,1.1371192817391171,0
6.674524626984894,0.1679023516092222,0
5.90587324034357,-0.4545655117098953,0
5.836776082796508,-1.2475928756914607,0
6.555743388515072,-0.39383080496390394,0
7.05462812122754,1.1811449274653685,0
8.02140904000793,0.3462143931751797,0
7.485463043704154,-0.1556727674025995,0
5.795514598038789,-2.044360539860802,0
6.536777370988868,-0.03887015575401472,0
7.806026288573748,0.8011360302606386,0
6.870178596476552,1.1008392630658161,0
6.1360740107862455,1.4475262962731845,0
6.3137053202842575,-1.501519629701379,0
8.509867930944022,0.12784386031538328,0
6.794986832117651,0.19153198061438892,0
7.3862087722462135,0.14152214561544157,0
7.5853548386771745,1.7338714751702455,0
7.323248148228989,1.9286445786198254,0
6.928446713430221,0.011353545849459207,0
7.200122486652242,-1.0172402341179232,0
5.607044780532109,0.03984169810835148,0
8.181232342370611,0.7654798623614513,0
8.156556814975001,0.4434686455658727,0
5.5140714353848175,0.18283430647839236,0
6.164775098616338,-0.3495568865474137,0
6.133888916919252,0.4256732726226589,0
6.649309937521277,0.4269517545922202,0
4.989695849740416,-1.2098897487549858,0
6.608186738704494,-0.9452855960114188,0
7.174370302216495,-0.7722623897199509,0
6.6792942353308655,0.842108975060966,0
6.932023462435875,-2.034024322284057,0
5.015815445931489,-1.6743397526435602,0
7.7128786129953895,0.8833412602988812,0
6.432514028995452,1.777237209846349,0
6.070064285171799,-1.1331459190675806,0
8.296525239545275,-2.221708596456358,0
5.032051679080012,-1.7010105706718754,0
8.086677573740532,-3.2782713809307062,0
5.124937048523405,-0.1461623024957604,0
6.25147193394922,0.9560935533190001,0
7.687957546122087,0.8728929931569717,0
5.888245283476089,1.0610300975124882,0
7.168795705417823,0.566067899125937,0
5.866561738778568,0.39402144833471486,0
9.322882009947584,-1.723647413617848,0
6.145813587249766,0.7889115143028869,0
7.196784695511424,0.4152593997227999,0
6.300133939583147,-1.0630176464443042,0
6.963606667838238,0.1473921301172404,0
6.5456747092047705,0.18373014186026512,0
5.596179316467163,-0.7975423174458058,0
5.335162243688513,-1.3754246241259813,0
5.2040043057975165,1.0976722051701877,0
6.855911602828488,1.4378738756604323,0
6.426615569072234,0.21166742807286312,0
6.76912705480188,1.18472744680195,0
5.414024102864053,-2.0804580721094945,0
5.7197306081239985,-0.42127604993745094,0
7.01090230915144,0.37599150670020304,0
6.464983412277671,-0.96238422388913,0
5.959209204400552,-1.1119266040771025,0
6.192682447485422,-0.4892495086012232,0
4.758652953663148,-0.02803984007777654,0
6.201897956241027,-0.6639332114589684,0
5.498508803392301,-0.08411490208974302,0
7.335804132245243,-1.6734882655125811,0
4.981152902915397,0.5223204706347898,0
5.718733598145042,0.20956629052963757,0
5.547442029887681,0.46312496715971807,0
7.134075703169326,0.8974268027864416,0
8.418923711375205,1.660682579500998,0
7.1880444133648975,0.4942096168372245,0
7.239047778220817,0.12587871957163133,0
7.801412578428932,0.41909628002480365,0
5.670279572642458,-0.9215827736238411,0
6.884488745142495,-0.24124979698627363,0
6.904097898463833,-1.5206683970683301,0
7.481011197051434,1.1866455560050126,0
5.707288976500326,0.12985243130123392,0
8.006573898952212,1.9257839328490094,0
6.4667299027181855,1.9620705059876222,0
5.968870941267275,0.631810264215541,0
6.509422965729632,-0.18982506580218125,0
6.628930079412516,-0.7165148641509492,0
5.86169707063306,1.8702003123789352,0
6.965582775735015,1.1060478548074908,0
6.040258512110529,-0.15840040368026606,0
5.747952812201313,0.9403735013346854,0
5.750339556115652,-0.11765348743401516,0
6.8220210549943605,-0.5661515387398595,0
6.5096443291285215,-1.0762484365381118,0
6.719390299842827,1.4635056671048938,0
7.874962799826148,-0.1331988875860104,0
7.718711449356925,-0.7139193068656293,0
7.681150495242291,1.0768340822758868,0
5.4764711604788845,-0.05547807240714206,0
5.963147729867848,0.24777392502373352,0
7.142204276665043,-0.5021078140232209,0
7.150266773883718,1.056772862270219,0
