x,y,Class
-0.38886026583196026,-0.19330343679547993,1
-0.8765571179905373,-1.4157238099847602,1
-0.3433689909221928,-0.3907947067294362,1
-1.4770148718003169,0.4044171028305213,1
0.5718095827711233,-1.7488818311684502,1
-0.9057429194235715,-1.8526046763495612,1
-0.4810197481313123,1.7553824705841723,1
-0.8648727679376909,-1.0248557707273498,1
-0.1520910901736808,0.8043570835216437,1
-0.5483296785828411,1.783125838897636,1
-1.299517460262619,-0.14295266666322834,1
-0.6236983218789693,1.1756071643774744,1
0.8440866753195042,0.10185117993064789,1
0.23442610121959742,0.4054191206778869,1
1.414180720069053,-1.217755501878083,1
-1.4326391193900425,-0.35368508143967886,1
0.7494451438302143,-0.47034753762570475,1
-1.0508784098250668,0.44558138224058663,1
-0.4413567118706412,-1.2078615665261478,1
0.7791954204501685,-1.457064649222621,1
0.8019565299815736,-0.8712841823033001,1
0.05770066306755605,-0.2072075644335382,1
-1.859347085280001,-0.010692943577959217,1
0.3164595064649871,-1.1228338871559644,1
-1.1074388293360107,-0.5251225364622492,1
0.4589974321968362,0.9904870600661037,1
1.1027077477734797,0.052044171589839296,1
0.27127002381096876,0.04547163537472215,1
-1.1002530328405906,1.3473947605665937,1
0.6490030308739071,0.30748262233361573,1
-0.05893799628205924,-1.1835632101478442,1
0.8646684974612827,1.5449862688219465,1
1.5264758835791599,1.315409129860274,1
-1.2158423424478944,0.5652910036996646,1
-0.848872464657385,0.7886124342635532,1
0.9183587381995504,0.7884924007606418,1
-1.144886527117348,-0.08166623054888646,1
0.2564137449228924,0.6032808249629777,1
0.16708024559271129,-0.22626089801504384,1
-0.2576583083718516,-0.19131164825956531,1
-1.051589692656421,0.8659039483601881,1
-0.088796220413983,0.34514964890929795,1
-1.0860757994104528,0.24978144933111246,1
-1.4654141151292233,2.352744648990427,1
1.3140332338414007,1.290592478389437,1
-2.0598687865239405,-0.48832797751629653,1
0.8772933588380726,-0.26036867672499014,1
0.8546375896664256,-1.9842403376760365,1
-1.4381791522482894,-0.208566533807294,1
0.018358655191665494,0.15273985139691804,1
1.0941973624877341,-1.3463553950564602,1
-0.9154146666503518,-0.5346577140553662,1
-0.7343254419377396,-1.3836643214351103,1
1.183638777602469,-0.1100616985772684,1
-0.33266752944347633,-0.8653156166469348,1
-0.0036075647472069575,1.9598091394280406,1
-0.06927148065663524,0.8266539436441237,1
0.013070205409041625,0.7163765949060389,1
1.5367353414021245,0.8296336960490475,1
0.9361624161656551,0.5014636456449024,1
1.0830223661206064,1.3299059712113468,1
-0.7597904695715164,-0.22687775615221925,1
-1.5846726721614726,1.1148121978529315,1
-0.37015668262647,1.2850910944825984,1
-0.19527970673938883,-0.052385780365281534,1
0.7258270407252757,-1.111163870301367,1
0.2951538394665961,-0.967429498854521,1
-0.7539691482239441,0.2643937134133165,1
1.6747275279686136,-1.2572194138878314,1
1.1039660492715515,0.956670473080998,1
-0.0011969934287991324,-0.6209457183938791,1
0.208603159258472,-0.7644096133657309,1
0.5112067674219555,-1.4365688926086695,1
-0.8178583344130878,-0.7890778784339493,1
0.4538518326165089,-0.2732722219564558,1
-0.7350315887784115,-0.4411672753469503,1
-0.2645903504503088,-0.17620830557554387,1
-0.14906390507087094,-1.6188254479767712,1
0.4196441280200914,-0.0403357168900873,1
0.23250242273141603,-0.916810051353637,1
-0.006957196418288591,-0.21457134077272697,1
0.43731454336803033,0.447098634489256,1
-0.4039979350932102,-1.6194834776441414,1
-0.8448697868161446,0.18283562096655667,1
2.2231986620877886,0.3793340528560449,1
0.6099270048710882,1.4276273956296415,1
-0.4247282791754042,0.9093758980722711,1
-0.8816556622453416,1.106132392432556,1
-0.14063479684358907,-0.21271918344138777,1
-1.1798078009445547,0.7118162520080255,1
-0.12043626976953337,0.2250610475889608,1
-0.6044402702972812,-0.119202086678128,1
2.045316705158824,-0.02446556213023144,1
-1.5139690907624825,0.06924663546081045,1
-0.5705155910569393,1.1353679991105148,1
-0.9657202721392236,2.1875637588559376,1
-0.8950654747804063,-0.5874297130273833,1
1.2316630544025053,-1.8422065993227872,1
-0.9180284470464082,-0.41013441734833816,1
-1.979579591795491,0.4035097033487729,1
-1.1779295028885888,-0.8510696597528598,1
-0.22449203092804762,1.503410770385688,1
-0.8087895087370556,1.020118264797668,1
-2.5235585350051712,-0.24937902394609776,1
0.20775831553527746,0.39908663291408875,1
0.18249568643228137,0.17228477780335083,1
-0.2489197792666397,-0.47995796825398734,1
-1.8865989924732163,-1.045809800271301,1
-2.2972064952143496,0.2936130543305446,1
-0.008468200930418219,-0.47808040467358454,1
-0.4966740351726462,-0.7960318156106065,1
0.7294740070096583,-0.8019694821856894,1
-0.4629244378899355,-0.8559731262881224,1
1.2840601042294453,0.1104176557932831,1
-0.2557672017537791,-1.4698062869529416,1
0.31490627913978647,-0.7203053073758238,1
1.037759144944636,-0.6230209785594393,1
1.2694011183472227,-1.5949119575765023,1
0.4923540828404763,0.18575317862331175,1
0.6291826615283754,-1.062084137221438,1
-0.8044855797009455,0.8165296696227101,1
-0.7505869596465257,-0.32018451367218276,1
-2.4533481040842715,-0.4364674353715578,1
0.46894437197204564,1.191227680311726,1
-0.8753199256670396,-1.2950958565382598,1
-0.2598794695091313,-1.4332614337530445,1
-0.2918115708492481,0.05369950723259808,1
-0.5836663748849766,-0.43008014809765177,1
0.8519263887974683,-1.4707869653966474,1
-0.9078791284634901,-0.9087551276196248,1
-1.9399841883061542,-1.291014343326471,1
1.161229403276936,-0.8796172226788878,1
0.45729952101450727,-1.8040619694595303,1
-0.8963986705369144,-1.2229225205560792,1
0.12058948391486482,0.8419156106034756,1
-2.4280580288253035,0.3224848777529977,1
0.26576697569301194,-0.8810609020370727,1
0.2641848660673757,-1.1553014573007598,1
-1.6000036154037087,-0.06828521690051864,1
-0.7095299662548047,1.378130514298709,1
0.6858941289251861,0.8715585581534337,1
-0.663664333916347,-0.8218544371981795,1
-0.760320536302859,1.2230808507777098,1
-0.6846215395035274,-0.3306462264582587,1
-1.0835051466844348,-1.2830467795915026,1
-2.1370611369152797,-1.702855574566988,1
0.15399988538797682,-0.8905973166171358,1
0.21607069017725694,0.36135956390701524,1
0.08423835343590569,-0.8756787806082857,1
0.7807132342146279,0.7281469676325236,1
-0.09651933095524076,0.7609240621159354,1
-0.38440378980762285,1.7779367307487182,1
-0.009739720649803964,1.2854297319537864,1
-0.8377446105039057,0.3579184505295138,1
0.18902824599869217,-0.53519776069878,1
-1.3477582226628582,0.8852979319099974,1
0.018586123894439775,0.09793929836963683,1
-0.07089348314025104,2.2512803134514554,1
-0.9433149535210462,-3.331396585545141,1
-0.12097929684718813,-0.9470533753691922,1
-0.48276517710418493,0.08508367590729722,1
-1.3448010447797742,-0.3816762600763584,1
-1.4645017072253512,-1.4533224059426226,1
1.623710267513257,-0.478149794636158,1
-1.2536037603549974,1.045033148743796,1
1.9211521774160583,0.5418106625257155,1
-0.5787286971298355,0.04556556867071186,1
0.02869228571733296,-0.9655125815515792,1
0.34523049453413496,1.3925280827436397,1
1.073597355876862,-1.2286014942091927,1
-0.29475810877209274,-1.097973642450845,1
-0.3720491300093382,-0.21806140819915915,1
-1.7340521069625485,-0.08736579278129207,1
-0.1956036056592388,-0.8307693078610933,1
0.29834077675175913,-0.12712074513804986,1
-0.4236272899222856,-0.8376031816120657,1
-0.714743166363811,-1.0378895498655232,1
-1.3135643223227085,-0.9161364039922484,1
0.6111054985888377,-0.8760865506597525,1
-0.5790976828468177,-0.2991116776841749,1
-0.7851748061105068,1.5315457020445877,1
-0.5182868448251438,-0.1299883550940326,1
0.2136022402505742,0.5626845033383052,1
-1.6115494853513415,-0.9683564065105473,1
-0.15724280202297705,0.42002615386415604,1
-0.6189695017460555,2.3630811862226997,1
0.4311300661509334,-0.14862973394887477,1
-1.8145269958906556,-0.8982215611453824,1
0.5846342573052574,-0.24100107969874252,1
-0.2634837124166512,0.18742133458329274,1
0.4946054533803805,0.2583010387494454,1
0.01314414445057841,0.8908086379463046,1
0.08086344134817336,0.4792782376660082,1
-1.0812678137109708,-0.26750626875349576,1
0.7940139679254774,0.01925492280857121,1
1.8767163868198193,-1.0368090204013662,1
1.3599055925548595,1.0000021142951612,1
-0.3723781745178287,0.9020584181646023,1
-0.5421441726315205,0.8361068378127069,1
-0.8952277675795316,1.0286838594648628,1
2.335341914285819,-0.12556124167663923,0
5.182415796319335,-0.3834870063336073,0
4.7716511773180015,-1.5465285507867317,0
6.047215303486196,-1.8199544213469039,0
4.575187341354505,1.0304642940419109,0
5.889342287118787,1.2930953856878349,0
4.303439424532545,0.3115717726067677,0
3.1495800002181866,0.06240726331750996,0
3.041980393745778,0.22778449852509072,0
4.016825450395769,-0.6534774340713061,0
3.590207709191836,-0.6377178783762683,0
0.8829835904964445,-0.07550181674167913,0
3.7132994468477123,0.17345532742196568,0
3.6646874351521883,0.005530960411056287,0
3.4778038176630095,0.5610966618682429,0
2.2894230140750396,-0.2828208164745432,0
1.764472980424209,-0.08966730413600198,0
4.469433725144664,1.1603374432313773,0
4.697697727520675,-0.01232365456980597,0
3.6344081360736817,-0.5690132130391349,0
2.861781816497893,-0.07772080875277379,0
4.2497328024562355,-0.7999377210718029,0
3.8112271776864106,-0.23463067048384892,0
4.4419822917945435,0.2805953590741286,0
4.925430433151594,-0.5467380182988832,0
3.0830797019819047,-0.7346886686822242,0
4.671049503446005,0.5360064899779645,0
3.4031344588216053,0.6521717440392159,0
4.340694376577206,2.483391735313734,0
2.785220951354736,0.3195407681652581,0
1.973038515689336,0.1895831198417366,0
4.798885028356209,-1.4056871596966507,0
2.829825690765363,1.0193037911119602,0
5.1111562349354465,0.5930933786561063,0
3.5470685213726854,0.694504040124267,0
5.605871455190339,1.5371332672594475,0
5.832626665600354,-0.8615313694005923,0
3.384171487736765,0.5627976193299526,0
5.326019805863109,-0.6470776611454787,0
3.85046540853056,1.023391560618604,0
3.1884646198108086,1.2230154088363179,0
2.9055728428155865,0.6447702380511838,0
4.829849852514349,1.7349294490141933,0
2.9021694729181347,1.3008546182782454,0
4.121138758014736,0.39248354522631224,0
4.611862991507489,-0.5589285058473651,0
5.363755003711463,0.839172775639258,0
4.804620200067954,-0.7837411431935504,0
4.392427207746522,-0.08977654521386826,0
2.1586544458151775,-0.6722646390364682,0
3.9490597993624412,1.4974434127194867,0
4.00505942549321,-0.6306085917122791,0
2.6795856092490684,0.6553145242046259,0
4.903401663372466,1.015954840586182,0
4.0116980703384755,2.435979420964872,0
1.925996664199976,-0.5084364694772244,0
2.0289996167248265,0.5616647580596459,0
3.410345323963625,0.5982328417329131,0
4.109720692348937,0.01201193504459543,0
2.633072308207727,-1.4296701962136913,0
4.3948145144364315,-1.2083321443224952,0
3.508245598899368,-0.9786922316099101,0
5.309369963735164,1.626247259155765,0
5.7303541343961015,-0.9541215630891556,0
4.5564718371627775,0.7566773199620502,0
5.563307169904265,-0.2598320333199943,0
4.797507130253992,1.1489105072518218,0
4.309079767760001,-0.24441278582152545,0
4.355544931204228,-0.024726233295451573,0
5.1447380078627,-0.8780696944063148,0
4.356732590537831,0.246680679483258,0
3.0464551541280205,-0.8719305769201381,0
4.493845416746191,-0.205721647774893,0
2.7832749025097305,-1.8081113097104293,0
3.3060778001940907,0.5777812392946883,0
4.040421749749257,-0.9224243280224866,0
5.220026569474403,-1.0297705499441823,0
5.002189320791835,0.6239593024185062,0
6.76840409003923,0.8935913912877053,0
3.9903200831537395,0.9626704072312754,0
3.136678006851692,-0.43177938064103427,0
3.183817835694285,1.31003448600794,0
2.4958861496396514,2.126451150152571,0
5.505001023927004,0.2433319026114218,0
2.084082115639255,0.6071560958364679,0
3.5132068505408247,-1.73049828422882,0
4.094742204544735,-0.5366418702696252,0
3.6989411003290122,-0.1484048198322064,0
4.71431636332997,1.2210417368242326,0
4.788424353133048,-1.1813147852943409,0
4.490612664653993,-0.12232639069514854,0
2.550862742241776,0.7759503954796539,0
4.275695042316055,0.16932529737631452,0
6.6382812446612895,-0.10875901684935091,0
5.01677732609518,0.8892614255809709,0
3.3300262830070952,-0.0433271342057629,0
3.6963464494151133,-1.293137199704058,0
4.007945903139961,0.10111146731451973,0
4.153528457776732,0.6021515569156661,0
5.210413373872671,0.05544850969827481,0
4.658481382244895,-0.2523871560244116,0
4.449148665002671,-1.361669080448243,0
2.8780452449349907,-0.36765023429780996,0
4.37841470160948,0.7123543989901283,0
4.211878100915692,-0.0433984916317644,0
3.57244734751745,0.1477313551855437,0
3.98180854209155,0.8209235825314694,0
3.3417226759077208,-0.12059501949801334,0
4.934618157935042,0.21673768256370235,0
3.742664865407644,-0.7895873433486553,0
3.1094697401141556,0.6623740097709981,0
4.166661674433294,0.8647086723761918,0
5.333123236218533,-0.7801700035374468,0
3.378934597470802,0.3240310310465172,0
3.672614652340295,-0.07005453645737357,0
4.38878018175804,1.694026346277295,0
3.657631945661513,-0.7178849304496291,0
3.6378248888624216,0.6379163288445057,0
1.701949798508838,-0.35852900790902553,0
3.445782910266199,0.0986833303121274,0
3.1777522287504354,0.4582617046477139,0
4.884703300504391,1.0778034157831666,0
3.8520067145296824,-0.07339959661277533,0
4.713956110636193,0.18264545806905608,0
4.790298074608875,-2.524350262789373,0
3.7001715271388256,-1.286716250875568,0
5.395307031737526,1.589538464026396,0
3.7240545317288927,-2.1246423687393747,0
5.732954499661583,1.0484366350897776,0
1.9314035352418286,-0.6608866749056587,0
5.395610265017096,0.9662072983062074,0
3.6393041008907354,-0.016762768766272546,0
4.111379415490157,-0.6499092538376312,0
4.770297474839891,-0.0042762844273563074,0
3.5213700428612666,0.38763282872319216,0
3.773834899571454,0.5657524950893424,0
2.6585120159603934,-1.776974517200491,0
5.225465755710207,-0.36987737494894046,0
3.4365868590428685,0.5852828396240484,0
3.649701022658845,-0.5710998079194144,0
5.411021278915489,-0.40965660611613636,0
4.620470450717433,-0.23610329998311663,0
5.016082093441807,0.5743393051740339,0
4.499674773060516,1.9128020667164736,0
3.333371435068781,1.2932272143545551,0
4.386263597996449,0.5370011063428819,0
3.9477890073772315,-1.1252185389250247,0
4.356439987772138,0.14126879316258212,0
4.727804726777308,0.8231847494219637,0
5.370304733618045,-0.298885197795086,0
3.169015352211356,-1.6669212394427346,0
3.9586064199654905,-0.6691053129769889,0
5.295197719342404,1.1788220012693416,0
3.0953885833024466,0.9090004702107696,0
5.6733760360061245,0.040414759956562005,0
3.769929655894681,0.03247208155221485,0
4.316088167354941,1.0931127062377255,0
4.55146005878946,-0.3364697998412768,0
4.248333159878537,0.9261902111756382,0
3.409631059215827,-0.24847713919785477,0
3.7104209034993665,-0.21142247984979834,0
2.2351872644342876,-0.045877831184781975,0
3.545023998645893,-0.1571983358949832,0
4.298963147346319,-1.085917856633135,0
4.768722922208295,-0.31342873061292587,0
3.289076652563973,0.21669369685111356,0
4.481874429446383,0.7630085179707505,0
3.3323929768481837,0.3120570683803662,0
3.0950382643404484,1.1031092035150163,0
3.0990885068779015,1.0659586439750424,0
4.745733211184469,0.2324296140156982,0
3.627010832822767,-0.5697555857576223,0
4.780027543570773,1.7518903422158338,0
4.02689180690522,-0.26006667359193725,0
4.4622191175903465,0.1593378102388404,0
3.069260831121286,-0.32286794544964587,0
2.645604310583138,0.39315630663955575,0
4.380432253179278,0.1642825341576103,0
5.082338406886069,1.0079787626870822,0
3.2215539218580753,2.5148789420131337,0
2.787524886717494,-1.5991404555153004,0
6.823631769516218,-0.05461225971082418,0
4.2877199726766335,-0.11255948459902643,0
3.977500094389736,-1.1816491344531115,0
1.67754982018909,-1.3865612893809927,0
4.158269433332966,-0.4269623231012358,0
3.6116915525827875,-2.5101684510500757,0
3.930306087934502,-1.0393096822656998,0
3.298652483962273,0.9042739469776206,0
3.5056353811202974,0.027913987559229362,0
1.7552082298778742,-0.6863205754925648,0
3.4415932498881907,1.1920043282239823,0
5.473327739675799,0.2557856570475762,0
3.7598054875257816,0.10396452638483926,0
4.870582159318958,-0.051441308409068104,0
4.922349654968876,-0.3052185385349683,0
3.565834307911233,-0.9560637156701968,0
3.018885525559483,-1.4366177232037252,0
4.674231820662385,0.9656621118324951,0
6.833852810480915,0.5955451391874235,0
