x,y,Class
0.10779153494888272,0.38765950183730413,1
0.3886656845621249,-0.3691443292677614,1
2.8788785569289814,0.7190932082646592,1
1.0187477041486621,1.5692616542222968,1
0.532045332188726,1.2033797133463617,1
1.3570467645517017,-0.08252900136011464,1
1.49576864987959,-0.6988245529832036,1
1.9738329326165736,1.1628536292895597,1
2.2887857833521474,-0.5976544887176686,1
0.8262773268592296,0.01388462914543668,1
0.23415355189163767,3.1998903790668414,1
2.47627226706828,0.32694473585932454,1
1.2924865219208106,0.14578368803029274,1
-0.5834373434383546,-0.12149128971321478,1
1.8085869404037367,-0.752778027878555,1
-1.2624247753750248,1.3319667024224564,1
1.5867544875115764,-3.037875377481052,1
1.445182510919937,0.4279791043195295,1
0.7776375468468634,-1.1130136674759474,1
1.3804377251939233,-0.5036247054948647,1
1.0509985508497903,-0.09063102477402425,1
-0.4121494760977453,0.7136907802808892,1
-0.19026953237194966,0.4566722935892567,1
0.6081212750360481,-1.1831987117692857,1
0.27523378637934803,-0.9075940544731379,1
0.8008677625177038,-1.8484518186729655,1
0.6453743596497417,-0.3593611986672694,1
1.5857909910514412,-0.9736290304079335,1
0.467520840641638,0.24716491415013045,1
1.5487011069162484,-0.09880079240305199,1
1.7744051566327737,0.4908735442537752,1
1.134383384388083,1.0714238897074777,1
-1.0782436785609826,-0.5218671031775131,1
1.260854062402867,-0.4888952752250041,1
2.4464575526729213,-0.3849849549028135,1
1.2790008168697937,-1.2674745107807959,1
-0.09496006261078671,-0.696013504730959,1
1.1072963871435386,1.3334867797406453,1
0.8137523499816857,0.4183116954365262,1
1.1261153641074124,0.4238982433947149,1
0.07779684951435395,0.2096423267667148,1
0.48565160742885205,0.2594752712873457,1
0.07022577981034883,0.955116624326325,1
1.177215860331386,0.7027879624058171,1
0.49985309041360293,0.4312473448860428,1
2.762833840664764,-0.8498675600328426,1
1.839377757411988,1.1712442894530448,1
1.0583704708982182,-0.10199132374944578,1
0.7298623625918739,-1.4037849349874953,1
1.8391506468412038,-1.5400918054987744,1
3.1224696698777685,0.8317027554341989,1
2.3195079592243633,-0.32495801454592715,1
2.2821923932639736,0.1587064805281002,1
0.6105218891395072,-2.5257969764975097,1
-0.7811273523532489,1.3629243921608352,1
0.8974650737150589,0.3184969661473931,1
0.6194296821226206,0.33277285541931284,1
0.00239889590914244,-0.7483457404312335,1
1.9256543085258793,-1.0690446096424333,1
1.8252052241665553,-1.0697952569949207,1
1.4032613455081073,-2.4646518389933,1
0.14895563859119132,-1.9136905478382524,1
2.843780098157854,0.9126031283722725,1
1.3695715853817017,0.6601483060714994,1
-0.14875695767919783,-1.0830687838762383,1
0.8047863517883296,-0.6317971191419149,1
2.1059424063213124,0.025322722928759204,1
1.5421415339688906,-1.165512999724682,1
0.8268033992761304,-0.059766680217354984,1
0.5019936954147648,0.5087245067446391,1
-0.3308142704799757,1.2742811479664302,1
2.4349731196393023,-1.367024704604515,1
0.5810368802462462,0.6138392122640615,1
1.7965152732484664,-0.6136081948751385,1
1.7015682380736399,-1.588238968670029,1
0.1845942502408452,-0.021462760658496654,1
1.5111895735912526,-0.48493104311648466,1
2.223676605304601,-0.9231972176559573,1
1.2925514112355876,0.08779829782365699,1
0.1991450111355385,-2.059821539372149,1
2.1685020807856903,0.7136064259607906,1
0.290005953775924,0.9395463259022034,1
-0.04404285880588743,0.24312935235363842,1
0.34608076600437554,-0.32222215328595555,1
1.7674412059407985,-1.1065290119357751,1
0.8337661235624773,0.18004225141755748,1
0.17792890681952944,1.1146714128129738,1
1.8677774385979629,0.630209343775482,1
1.2094972213308341,0.07586649406712069,1
0.17032675830115762,1.175404219891577,1
0.5413304297802419,0.24109034534298882,1
2.616174531165971,-0.522728559767308,1
1.3175440780568513,1.705707714040832,1
0.02545899542280461,0.7876988494635593,1
0.8684701017028732,-1.0457557996358169,1
2.1188567599797854,0.9978523735615449,1
0.7399080628733593,-2.387734231076435,1
1.546843712866897,-0.4739979352980245,1
0.2518136998001109,-1.0382631895033094,1
-0.9909907697237583,-1.1056024718226307,1
-0.2575988622168668,-0.7739890195956081,1
-0.4458686949445909,-0.9253967115090103,1
0.8193036173394518,0.18912211863766187,1
-0.022179119987747686,-0.3845507124180213,1
1.2429815628546956,-0.034252294929306606,1
1.4874017842374667,-0.8577624861348087,1
0.9148459894832845,0.041417701600801896,1
0.15238487348771845,0.8094205992788892,1
1.2791868573162781,-0.5749827763469058,1
-0.7812754951726513,-0.13297806641827845,1
0.9649488080779083,1.0394701051542965,1
-0.26096292107483654,0.21296596025221912,1
0.6983098241726133,0.3486278080590693,1
3.3348231844254905,-0.5158874156869507,1
0.6494493018396812,-1.5189073533109023,1
1.2535809088802998,0.3347029505978247,1
0.41020331092234597,-0.6191088658869545,1
1.1053174283416072,1.1441763770036455,1
0.19080124943313392,0.9982651487118348,1
1.1584151536625946,0.5647971761993826,1
0.797145661321629,0.8075110101545223,1
3.909821362919716,0.9064274319292726,1
0.7905837995949513,0.5664970047128213,1
1.6325564769911278,1.1190989403861502,1
1.6067977091936334,0.9565434837013844,1
0.7720392677646737,1.0971350714076795,1
1.3566477230677825,-0.2580363258337038,1
2.94612421741878,1.038554448967348,1
0.10538518172837852,0.6924932445779985,1
1.18503936090497,0.8797643639350049,1
1.8860779057259722,0.9823361031623716,1
1.2266382837616212,1.6016438029053055,1
2.2053810209002602,0.02072696236835169,1
0.5216486259526941,-0.4572721297043131,1
1.2448932181107946,-1.3851584392105507,1
0.49322945845644417,-0.6711447656669506,1
-0.019872214297239177,1.0325319193650162,1
-0.8948510675157437,-0.40553497820239276,1
0.6948153904277448,0.1883315563583515,1
1.9648161288672779,1.843708025127091,1
1.5567077155323132,1.2811048430887788,1
0.3371003257437669,-1.5016539908945965,1
1.5133624696999868,1.0482824766159966,1
1.0731443553998035,-0.21905241680733636,1
0.9528695373898594,-0.17478741482567275,1
-0.9353327513491558,-0.20888031072458638,1
0.1309809274842929,0.18904383582503037,1
1.520908910615117,0.4574269959858224,1
1.760937640826276,-1.0806998957363232,1
0.1684854418310573,0.29070361864570005,1
1.680150735936723,0.6573174352806419,1
-0.09535143737529261,-1.7160494847104797,1
1.3371812168668236,0.6103053631027627,1
0.7948227753227761,-0.6274641798881463,1
1.0608888337665718,-0.25192319004125985,1
-1.0321363501430247,-0.3635348982327118,1
0.2988464702748682,1.8497973559196068,1
-0.1540150108896996,-0.29432982489992154,1
1.431419940482378,-1.386302873082679,1
-0.9138401504983624,-1.2796097791386052,1
0.7373852696810179,-0.06021541806614357,1
1.354935132493634,0.6450650849524698,1
0.6227854905844336,0.5734348856146706,1
1.7171395746735003,-1.414787421376089,1
0.39750978247041435,-1.6670113374043212,1
0.5739578663280489,0.6023861492801396,1
0.8675186872364659,1.0245905459188527,1
1.323339733327108,-0.44123361125883487,1
2.556336160698094,-0.12176558890248179,1
0.8851214583980751,1.6402694782528577,1
0.3372716946150889,-1.7336786902137957,1
-0.34739011645037676,1.3411788157275415,1
0.21533634919352462,-0.6603037553544377,1
2.996813838052055,-0.3905128351696395,1
3.42390178734002,-0.21250833248161408,1
0.35365183440561865,0.3055431818636647,1
-0.31020867311852496,-1.2710726641124264,1
3.450579548911925,-0.37827044176124064,1
1.7559536845972186,-0.3420257592077929,1
0.9972266800248119,-0.9862370446389487,1
1.092247179500265,-0.32287610327953137,1
0.9879578286020463,-0.5496717236031919,1
-0.10370938057780732,-0.9597614588823621,1
1.8263310212398658,-0.5808062516792786,1
1.6035843701570585,-0.6791751539069488,1
-0.03984375447008914,-0.5810717320005809,1
0.7231992635734237,-0.8039705335873298,1
0.11027405130063517,-1.0678617211710104,1
-0.11201699731232995,0.2900513622270058,1
-0.22096073764228996,0.05568865131594376,1
-0.40889101827539465,0.6103570666195123,1
-0.12102562678279294,-0.12007367447754773,1
2.5280216923970067,-1.4180972023108278,1
2.3116507804304955,0.36910335652031356,1
1.1377423684642174,0.4656025152266494,1
1.3371399349141082,0.2799435469535308,1
1.6952655943471286,-1.1018741207360545,1
0.20709735391569362,0.5708441164978251,1
1.3470273504119057,0.4068946557598726,1
0.5343160553059378,-1.1154435182217266,1
5.876203655358069,1.0200452644802507,0
8.562342249224612,-0.7621131733605082,0
8.497720736910603,0.935225332072244,0
7.62010422354475,0.9605027598982425,0
3.595978528032898,-1.6806652320639786,0
6.439679473904205,0.06759176727200417,0
6.866529611959668,0.36317321720231155,0
7.782166718416595,0.8444904894551827,0
5.2852233797803,0.7636788714642511,0
6.445793478415496,2.317387054443395,0
6.513436263415582,-0.9402489799137415,0
4.9608343204804735,-2.2349445351946717,0
6.89632732899461,0.5985860928282521,0
6.915664413274249,0.8979700093059616,0
7.286692407136282,-0.5345887048012784,0
6.5100138623451835,0.5602147144007635,0
6.187800899990359,-0.6945930530853074,0
6.389317966238074,-0.8354028554282562,0
7.710680270915142,0.06971424124007916,0
4.599138308522804,0.0950664747356635,0
8.566205504190478,-0.5509545987031916,0
7.966252881004175,0.3205365719390209,0
7.7851227595263275,1.7912859886149557,0
5.7284704634855945,3.975915136945348,0
6.237764903618214,-0.054467382597786836,0
6.68680880447607,1.468635272176755,0
7.324912364771488,0.27738547247188583,0
7.02401497734707,0.2064402297943699,0
6.863955810088289,-1.5047337867313229,0
7.0249932359579494,0.27577559450627537,0
6.5326166611270295,-0.06127468960693511,0
8.872825237808621,-0.7828320072329917,0
5.185178554993447,-1.1175165899261092,0
9.05571213350189,-1.8132589536292505,0
7.011909430128798,-0.9064485907653514,0
5.995225859174905,-0.38342840150453217,0
5.3813184183448275,-0.08084388585927753,0
5.872229833449231,-0.8384337428398823,0
7.4557171226879335,-1.5964170418345789,0
5.876656623307805,0.3264471364621062,0
6.4425808648915925,-0.26169848361145737,0
5.664169595509387,-0.8964320508910254,0
7.771448561368936,2.0025260211603113,0
5.676055262371845,-1.184974977816159,0
7.2839738041927236,0.24412535036546615,0
5.498365574770528,2.3606239031464926,0
7.049515334673558,0.17051852790211888,0
7.651669422932898,1.1116622150212767,0
7.08818109432458,-0.5365553130842841,0
8.008469184073494,1.1460236637321184,0
6.875500472382501,-0.383410980616701,0
5.779658401994882,-0.6838347918823551,0
5.6087667742623735,-0.34314238124873936,0
8.688792559381646,0.2535450124437413,0
6.4486626543029,-1.108858474957363,0
3.5453275584982213,0.6862389693637087,0
5.353966595852973,-1.0147658875458185,0
6.356949677430812,-0.4741520326112073,0
5.916248986509895,-0.201115885581357,0
4.7599305362541156,-0.40771852766367067,0
5.319579083535667,0.766733372928359,0
5.303665525626053,0.8852707197491875,0
6.13208711619696,-0.4203496166222665,0
4.478385696066397,0.01098085052361187,0
7.293519753596054,-0.9361420150773898,0
5.887528122595466,0.2053971139752643,0
6.701798491479949,-1.4240082598892359,0
6.9036307642125205,1.9816752574392313,0
5.6803660630240485,-0.4589230514471815,0
6.519298740328858,-0.465511158351266,0
6.185531463872836,-0.5509044084045714,0
7.431832157254825,1.368332936087349,0
6.3513161261946,-0.019829598212859022,0
5.34278761007477,-2.5514279876867176,0
5.445828572507503,-0.4938399577936533,0
6.861925263091534,0.9313272692831315,0
7.600836084412952,-0.14433915507856165,0
7.302443683816586,-0.8946036080961065,0
5.354607878135408,0.5515562578241252,0
4.6762156195044655,2.0062070375357637,0
7.413349363768586,1.4218047890030232,0
6.028906977909918,2.638243572768914,0
7.216923343221698,-0.15632599250732138,0
5.08419311848876,1.5829389436846166,0
7.7972562459127746,-0.5539271148927567,0
7.866930712402614,0.8128483448023535,0
5.815569037527592,-0.5177985752939644,0
7.042499997720955,-0.4361436551748177,0
6.327180017500325,-0.4280147763538052,0
6.396356543867055,2.3415587334863495,0
6.990457468073369,0.8953342139398232,0
4.094664964784462,1.197288693888385,0
7.265211963017909,1.74268287832602,0
6.546983580863623,0.42895897026175744,0
7.531485227739283,1.5632184117493835,0
7.355923097592297,-1.5984133783631558,0
6.774718885289251,1.2883467958189243,0
4.680994156919616,-0.3048589742038407,0
5.130996500174904,-0.4545490955444483,0
8.07033060656197,-0.843609536859904,0
5.65925391726384,0.7749035003493083,0
6.205890283062485,0.7508983932439321,0
6.862369988017285,0.7631642863399063,0
6.808452303716135,-0.22987876594488482,0
6.786685375868587,-1.2750915537724477,0
5.232092559084034,1.7796539953772477,0
5.8055764361469535,1.0667668280003542,0
6.3462833693427285,-0.7248458016782996,0
5.977454010333146,-1.7817004568215777,0
8.552613026784401,-0.1450789659602991,0
7.994003304375056,-1.0528016467439427,0
6.030621811932577,0.19646305030672392,0
5.843395770848146,0.27364029003061857,0
3.8765893412610133,0.3684210243052197,0
5.257805921684012,0.8289050950847009,0
6.313356800289866,-0.7390215473067429,0
5.741909593577427,0.574553991811322,0
7.191918570677034,-0.32468095556206855,0
6.8192880549377834,0.40911648534936956,0
5.718841039254144,1.0454830820274017,0
6.569016483902455,0.7624900644655717,0
5.887291442978483,1.2060618620645371,0
6.503911791533947,0.7827359033634625,0
6.140344525700679,1.1279580776968943,0
7.634806533406529,-1.1293506810254148,0
6.7091965684552415,0.7350929466592491,0
5.708602253082494,-1.28398003945944,0
6.944470767828016,0.8529318958685252,0
7.536731128306714,-0.8064700253126543,0
5.648218604231209,-0.45877537280981734,0
6.471446883708125,-1.2459631316835458,0
7.531439302094803,1.4328040019649029,0
5.5441607303201685,1.3980090448577775,0
5.439058803088232,0.25963965674503264,0
5.849478813237875,-0.43746725558483446,0
7.647443480575918,-0.3060656525026808,0
6.268063081491006,-0.638114098212278,0
7.998047898084899,0.18921302943542362,0
5.461646970109977,-2.881394594943911,0
6.22330768624133,-0.3707218716987434,0
7.486983384478008,0.8661287637618602,0
6.152708857531307,0.3566597655971085,0
6.750528718920066,-0.22194513584362616,0
5.435559508993542,-1.1527518560855767,0
6.734594999044845,-0.4748547241071496,0
4.838204009942805,-1.387562820024312,0
6.1129905924962795,-0.4129065805040555,0
6.7853211634461035,1.2336869437343674,0
6.896876888548004,-1.6812598892627504,0
7.53525571925209,-0.3751576508109487,0
6.150299706979638,0.7561008086428306,0
6.760764085797908,1.515826162034342,0
6.107921733774461,0.46080746023608543,0
6.971122948430454,0.013356033837887742,0
6.699517372167915,1.1535271132090532,0
6.161267271089286,0.7166308060386398,0
4.3734078056936045,-1.1720687556515121,0
6.694570049226963,0.904936860588707,0
4.910037622305492,0.724892767676551,0
5.756851752384632,0.5600809656126953,0
6.444385801165316,-1.6939603223807873,0
6.591087503891026,0.5736096094110845,0
6.57427894332129,0.8229850091542656,0
6.342296875659997,0.24431582666932086,0
5.003296846977064,0.29146011307646585,0
6.726184192312454,1.1680679279602462,0
7.724111473729927,1.3909899855823218,0
5.47610328124528,-1.3099797796231278,0
7.523757448311616,0.4595469192015127,0
6.503917004304886,-0.27911776528616794,0
5.505654822300751,-0.5821262617812928,0
6.769122780831497,0.8186677047774298,0
7.60223987819494,1.353396790652359,0
7.102635940022383,-0.5093634926576295,0
6.499020349525189,1.4348995141759613,0
7.340564394402065,-0.03463552584412606,0
5.541047736233319,0.7480663036268512,0
6.669573561336087,-0.9573337863731706,0
7.335967513858379,1.1389508788225287,0
5.671765434712033,1.0433808771472277,0
5.706897769658643,1.5847896132685213,0
8.223299828871555,-0.6079387748919983,0
7.09391316062155,-0.5118055152928258,0
5.461053329452516,1.066541505002708,0
5.6988511256695915,1.227079002248166,0
6.178071710872926,0.7611641078216358,0
6.941560351588351,0.13675008170085465,0
8.351014538233764,1.8290418157213262,0
5.86397455727989,1.051464186161145,0
5.420947118754112,1.3380747232132726,0
6.81704505929346,-0.8883244765017212,0
5.707659294609801,0.33441466686774185,0
6.468657462078674,-1.2570583796311088,0
4.622317698371756,-0.2609638643089556,0
4.434308995608024,1.5576446361618805,0
9.036738099460237,-0.775532353965418,0
6.064653314920051,0.8597718060597949,0
5.339795976812701,1.3796277633455554,0
5.820098052630713,0.21311045909936854,0
5.982112137005031,1.4502610529093625,0
3.634369364039282,2.060488943160976,2
3.9341774986108846,2.344428362179631,2
3.664024401631523,1.052237228733672,2
3.37606269617897,1.6455098739233172,2
3.709934071735344,1.295339826856719,2
4.357774821003419,2.2935861394743693,2
3.9617355644405396,2.876659445282898,2
4.3670330521034835,1.2613195628392266,2
4.29054983395935,2.651846654985363,2
3.3722660918086556,2.072589433017931,2
4.859067237015618,2.733495798807424,2
4.092957581413714,2.0411618236579336,2
4.062494825733426,2.45070319821072,2
4.2628374803820535,2.0397132063186696,2
4.281893554841637,1.6178094802698113,2
4.188577345997975,2.1317471460063073,2
3.384705713504985,2.5515225163705795,2
4.212140042025109,2.0099098707819665,2
4.195842239529544,1.5894262921629747,2
4.352247022092278,1.7346121016204568,2
3.278653735807989,2.479874168557361,2
3.3589715331260708,1.6639390626175756,2
3.7006198495226967,2.826041329752865,2
4.205410992981115,2.3608731135379903,2
3.3155755641912483,1.768248385282329,2
3.9952671265112247,1.6726901356327306,2
3.6501899042689807,1.8814914869321075,2
4.577804636981805,1.8146009419436275,2
3.4586048564061938,1.311020071526942,2
4.457085523677954,1.8755177901603988,2
3.7891005922797323,2.075557953120815,2
4.062893653712811,2.0387000079177517,2
4.433913669279095,1.053861638032796,2
4.295835700634491,2.0239014055729165,2
3.873813276980644,1.855989574930421,2
4.028613191003461,2.609725559161645,2
5.451712701135325,2.143462769205057,2
3.7489644748699584,1.9522788794495012,2
4.221607240964615,1.9754020133986299,2
3.922940008456109,2.3547777289889416,2
4.0277571754901675,1.5765097091963425,2
3.3659393070669528,2.2779396900488296,2
4.251946065288728,2.152521029518395,2
3.2479328853177796,2.3845804924484297,2
4.322907408101228,1.380960499946429,2
3.9587231805254213,1.5119967440065538,2
4.055287484111317,1.1127397627100328,2
4.197510342213576,2.122784914758613,2
4.160380253495186,2.5125576397708893,2
3.870471292775596,1.0738354942469264,2
4.309003539466727,2.571354763861441,2
3.774911040574601,2.2632566673762886,2
4.2574856718485385,1.8165053995161922,2
4.480914807734153,1.5711623626415525,2
4.206098893966957,2.8483785360940495,2
3.3607147966305457,2.628545730278874,2
3.9070068616915923,2.00271808870998,2
3.798617528235348,2.0882017168326,2
3.9138867963434754,2.5698504434807132,2
4.480448405086377,2.438489555107571,2
4.458914387889033,1.5525045752552264,2
3.808686961061477,3.158779711372665,2
4.4215484442625606,3.280048661072489,2
3.0860120744041266,1.8906328159694215,2
4.486950953251108,1.0208722912276174,2
4.666280033603701,1.7787313332387618,2
4.080246094552204,2.2927969743760435,2
4.519780011670108,2.029059192254336,2
4.563035954488722,1.0957818938477102,2
3.979983912957071,1.988317430192317,2
3.7449025359065278,1.9696246860626796,2
4.104769474792161,1.7142337895361917,2
4.244277863337319,2.22597622865353,2
3.688729182477492,1.8743258171520856,2
3.8629845465303454,1.303071559267194,2
3.5135479065462842,1.6171534527312823,2
3.8337276361513153,2.314220686787042,2
3.886621087008024,2.4862549766231186,2
4.352288674018222,2.285641261463812,2
3.8455040163096226,1.6923410381375172,2
3.7117309769606606,1.2687074477509241,2
4.452376349119496,2.5749237304373036,2
4.102241561829602,1.887327460001568,2
4.225278207118731,1.8453240250653635,2
4.793438863306746,1.5200436320164037,2
3.951685814426342,1.412101938813057,2
3.7801855859944777,2.071575790160556,2
4.107223595651394,1.9375458312835458,2
4.269593263592912,2.4656492636210476,2
4.204833946534968,2.3760483059457522,2
4.594198534427192,1.455566500648803,2
4.011744265742452,2.255366658530623,2
3.7861997997626426,1.0566987597208617,2
3.8327587340588516,1.6972162930097467,2
4.002383582771453,2.5780744607233883,2
4.269331999836659,2.189310240865299,2
3.908814643370227,1.0573385140525615,2
4.762162878924259,1.6594066286411462,2
4.120403453756115,2.485969813166567,2
3.3931106056985443,1.7326262531853553,2
