x,y,Class
-1.5,5.517306692683972,1
-1.48,4.292046839348566,1
-1.46,5.417337888083327,1
-1.44,4.5973257938747185,1
-1.42,5.301877780815878,1
-1.4,4.2373631954509285,1
-1.38,5.26395204811951,1
-1.3599999999999999,5.614401820006581,1
-1.3399999999999999,4.671703824938243,1
-1.3199999999999998,4.058007148824327,1
-1.2999999999999998,4.795765556086853,1
-1.2799999999999998,4.9032548340549855,1
-1.2599999999999998,4.530356156895872,1
-1.2399999999999998,4.960610888268368,1
-1.2199999999999998,5.263471407711266,1
-1.1999999999999997,4.017307003829973,1
-1.1799999999999997,3.9625696388661478,1
-1.1599999999999997,4.090907716742452,1
-1.1399999999999997,3.9332130297968684,1
-1.1199999999999997,3.7219422237634783,1
-1.0999999999999996,3.971766774494659,1
-1.0799999999999996,3.441443789793487,1
-1.0599999999999996,3.2023059629323933,1
-1.0399999999999996,3.1645328515316775,1
-1.0199999999999996,3.37764460487719,1
-0.9999999999999996,2.8439796018643984,1
-0.9799999999999995,3.087772607463105,1
-0.9599999999999995,3.897279607478714,1
-0.9399999999999995,3.2442084857422278,1
-0.9199999999999995,3.155356326772653,1
-0.8999999999999995,2.9146639704664934,1
-0.8799999999999994,4.074435125193188,1
-0.8599999999999994,2.379811968312207,1
-0.8399999999999994,3.2206528179697504,1
-0.8199999999999994,3.062527637957754,1
-0.7999999999999994,2.7315518890365977,1
-0.7799999999999994,1.9072622778428783,1
-0.7599999999999993,2.4796331948071026,1
-0.7399999999999993,3.0798528245099788,1
-0.7199999999999993,3.2640412076376073,1
-0.6999999999999993,2.7668025793213418,1
-0.6799999999999993,2.4689713905210056,1
-0.6599999999999993,1.8267159681097864,1
-0.6399999999999992,3.128715777364646,1
-0.6199999999999992,2.1686589517585455,1
-0.5999999999999992,3.4158237695968756,1
-0.5799999999999992,1.9204867215425816,1
-0.5599999999999992,3.010330533928598,1
-0.5399999999999991,2.452103915572419,1
-0.5199999999999991,2.351157766177111,1
-0.4999999999999991,2.4196809755748676,1
-0.4799999999999991,2.120112358408896,1
-0.4599999999999991,2.3994187848051234,1
-0.43999999999999906,2.2094330682885857,1
-0.41999999999999904,2.2087305362444694,1
-0.399999999999999,2.2072885799061224,1
-0.379999999999999,2.134977857195936,1
-0.359999999999999,2.466284127340401,1
-0.33999999999999897,2.4868421910603526,1
-0.31999999999999895,1.8664404821499998,1
-0.29999999999999893,2.277234124957512,1
-0.2799999999999989,2.6226667921278186,1
-0.2599999999999989,0.9274543499650543,1
-0.23999999999999888,1.0993005632267834,1
-0.21999999999999886,2.0178015959174815,1
-0.19999999999999885,1.364304321553458,1
-0.17999999999999883,1.7635536006813286,1
-0.1599999999999988,0.9941070373232309,1
-0.1399999999999988,2.2781723315998668,1
-0.11999999999999877,1.4451551742687465,1
-0.09999999999999876,1.6648965267818414,1
-0.07999999999999874,1.0827734705464334,1
-0.05999999999999872,1.7303100690417632,1
-0.0399999999999987,1.9744341084609691,1
-0.019999999999998685,0.9546166424312883,1
1.3322676295501878e-15,2.0405536512682847,1
0.02000000000000135,0.9836036674447348,1
0.04000000000000137,2.3966837999074886,1
0.060000000000001386,2.0250588071799784,1
0.0800000000000014,2.1769526016852816,1
0.10000000000000142,1.0152640726426403,1
0.12000000000000144,1.6391058630974418,1
0.14000000000000146,2.0641391704889234,1
0.16000000000000147,1.3286190623788896,1
0.1800000000000015,1.3566728906636498,1
0.2000000000000015,1.7612644191373588,1
0.22000000000000153,1.5699059264337456,1
0.24000000000000155,1.723841686955246,1
0.26000000000000156,1.736767084540022,1
0.2800000000000016,0.8890726562503731,1
0.3000000000000016,1.0113377896773925,1
0.3200000000000016,0.3600404982425174,1
0.34000000000000163,1.5844618507156079,1
0.36000000000000165,1.441181507285291,1
0.38000000000000167,0.8301296022838414,1
0.4000000000000017,1.7876806431131547,1
0.4200000000000017,1.335892787159624,1
0.4400000000000017,1.272928491611582,1
0.46000000000000174,2.0887764955508477,1
0.48000000000000176,1.9160688672384814,1
0.5000000000000018,1.5971449950792118,1
0.5200000000000018,1.3633546789693467,1
0.5400000000000018,1.1832215921362301,1
0.5600000000000018,1.6475612709454586,1
0.5800000000000018,1.2004128324645793,1
0.6000000000000019,0.9609908913614135,1
0.6200000000000019,0.7371958275507375,1
0.6400000000000019,1.1389696004459862,1
0.6600000000000019,1.4605096712581487,1
0.6800000000000019,1.4503132130478797,1
0.700000000000002,1.3811917635647766,1
0.720000000000002,1.7653293419935132,1
0.740000000000002,1.467255161053927,1
0.760000000000002,0.8249412578490514,1
0.780000000000002,0.9944864266517275,1
0.800000000000002,1.3708927554507422,1
0.8200000000000021,2.162375678778137,1
0.8400000000000021,0.8706679159470632,1
0.8600000000000021,1.396741703633943,1
0.8800000000000021,1.7087435550892625,1
0.9000000000000021,1.2333737305392016,1
0.9200000000000021,0.6820988048689359,1
0.9400000000000022,1.387386939751755,1
0.9600000000000022,0.32296886475111886,1
0.9800000000000022,1.1182992512072718,1
1.0000000000000022,0.7204217133885928,1
1.0200000000000022,1.7460441861099971,1
1.0400000000000023,1.8887182645406944,1
1.0600000000000023,1.2613569039024755,1
1.0800000000000023,1.6393903159105019,1
1.1000000000000023,1.5579637225037064,1
1.1200000000000023,1.4162345023559224,1
1.1400000000000023,1.5857979185519515,1
1.1600000000000024,1.1542700285731204,1
1.1800000000000024,2.1439146967022484,1
1.2000000000000024,1.785897333265505,1
1.2200000000000024,1.7011296102331923,1
1.2400000000000024,2.19396086781485,1
1.2600000000000025,1.8093555816618723,1
1.2800000000000025,2.3544921358218445,1
1.3000000000000025,1.9870716358544949,1
1.3200000000000025,1.5743111533289016,1
1.3400000000000025,1.42727815241749,1
1.3600000000000025,1.8104379463099243,1
1.3800000000000026,1.7007417738798147,1
1.4000000000000026,2.6054318128240657,1
1.4200000000000026,2.823226517325943,1
1.4400000000000026,3.1634339478718583,1
1.4600000000000026,2.358813031191177,1
1.4800000000000026,2.194214807794398,1
1.5000000000000027,1.9214388136396507,1
1.5200000000000027,2.612397840002736,1
1.5400000000000027,2.529075500402962,1
1.5600000000000027,2.9791953411860876,1
1.5800000000000027,2.3750855342542923,1
1.6000000000000028,2.338460712049058,1
1.6200000000000028,2.766546996532254,1
1.6400000000000028,2.29390110795086,1
1.6600000000000028,2.726715019613502,1
1.6800000000000028,2.410052606892489,1
1.7000000000000028,2.0685887776124643,1
1.7200000000000029,2.8527767564894284,1
1.7400000000000029,2.489293090835152,1
1.760000000000003,3.2580824929023797,1
1.780000000000003,2.9696786755842273,1
1.800000000000003,3.20603704993579,1
1.820000000000003,3.5014979013790253,1
1.840000000000003,2.314366767879191,1
1.860000000000003,2.515661997654075,1
1.880000000000003,3.8104083625525393,1
1.900000000000003,2.947849100553852,1
1.920000000000003,4.212065793663342,1
1.940000000000003,2.7582449049089703,1
1.960000000000003,3.2740539742009274,1
1.980000000000003,3.459439163539992,1
2.000000000000003,4.196223499579682,1
2.020000000000003,3.452477730985568,1
2.040000000000003,3.304699195376381,1
2.060000000000003,2.957237468837076,1
2.080000000000003,3.1713993819623028,1
2.100000000000003,3.0275882205088216,1
2.120000000000003,4.39209380593347,1
2.1400000000000032,3.6299402164926597,1
2.1600000000000033,4.2329409356425,1
2.1800000000000033,2.938764846339664,1
2.2000000000000033,3.743253953570352,1
2.2200000000000033,3.579319663359626,1
2.2400000000000033,4.038955958521255,1
2.2600000000000033,4.509004894355261,1
2.2800000000000034,4.84948589762859,1
2.3000000000000034,4.76317246655818,1
2.3200000000000034,4.951819172369984,1
2.3400000000000034,4.398299414226456,1
2.3600000000000034,3.8854935333927743,1
2.3800000000000034,4.82687757607993,1
2.4000000000000035,4.653298623609928,1
2.4200000000000035,5.698466875178571,1
2.4400000000000035,4.602087668547224,1
2.4600000000000035,5.816673229532898,1
2.4800000000000035,4.819305496281846,1
-1.5,3.9509369263938305,0
-1.48,3.6600511035529246,0
-1.46,3.956411957724338,0
-1.44,3.947406343632381,0
-1.42,3.4603367089511345,0
-1.4,3.6750594076740106,0
-1.38,3.1034516995180432,0
-1.3599999999999999,2.7055342954865953,0
-1.3399999999999999,2.675564698704634,0
-1.3199999999999998,2.9617853218642454,0
-1.2999999999999998,3.6956947469080172,0
-1.2799999999999998,2.748841124010445,0
-1.2599999999999998,2.8527600531491,0
-1.2399999999999998,3.0240856985201923,0
-1.2199999999999998,2.174348935006069,0
-1.1999999999999997,1.9671858789443968,0
-1.1799999999999997,2.260116995712334,0
-1.1599999999999997,2.8537408258578685,0
-1.1399999999999997,2.9040968294653267,0
-1.1199999999999997,1.9765873511701513,0
-1.0999999999999996,2.2794907859016185,0
-1.0799999999999996,2.5464135443516045,0
-1.0599999999999996,2.3911002467854026,0
-1.0399999999999996,1.6003496684630052,0
-1.0199999999999996,1.8731158365275788,0
-0.9999999999999996,2.1500434953157055,0
-0.9799999999999995,1.7741362289405216,0
-0.9599999999999995,1.5937665420133378,0
-0.9399999999999995,0.8855753218054373,0
-0.9199999999999995,1.9799395761324003,0
-0.8999999999999995,1.8393909818543572,0
-0.8799999999999994,2.286676075772719,0
-0.8599999999999994,1.4231638307075718,0
-0.8399999999999994,1.310596334991136,0
-0.8199999999999994,1.0644216780005027,0
-0.7999999999999994,0.7142793078790817,0
-0.7799999999999994,1.5243225140696262,0
-0.7599999999999993,1.4954231360979129,0
-0.7399999999999993,1.011046605321541,0
-0.7199999999999993,0.8303540626375824,0
-0.6999999999999993,0.4326225221860456,0
-0.6799999999999993,1.0169836921269217,0
-0.6599999999999993,0.7215782806410849,0
-0.6399999999999992,1.3278371141332976,0
-0.6199999999999992,0.3517785553483997,0
-0.5999999999999992,1.222752873238724,0
-0.5799999999999992,1.189135391739285,0
-0.5599999999999992,0.21169842430527203,0
-0.5399999999999991,1.070630792974041,0
-0.5199999999999991,0.757130559007617,0
-0.4999999999999991,1.3817915180425298,0
-0.4799999999999991,1.3714932968240365,0
-0.4599999999999991,0.49274187046920476,0
-0.43999999999999906,0.9827838418966484,0
-0.41999999999999904,0.6451707096109996,0
-0.399999999999999,0.24424502850233873,0
-0.379999999999999,0.09690197691865221,0
-0.359999999999999,-0.19889421427873633,0
-0.33999999999999897,0.9080453389236816,0
-0.31999999999999895,0.36556533209831055,0
-0.29999999999999893,0.9901916127061039,0
-0.2799999999999989,0.01359907791399162,0
-0.2599999999999989,0.3833324967255346,0
-0.23999999999999888,-0.3715224447413594,0
-0.21999999999999886,0.3320099989824022,0
-0.19999999999999885,0.3519971804980869,0
-0.17999999999999883,-0.25079471982043716,0
-0.1599999999999988,0.377240420892106,0
-0.1399999999999988,0.5361200899784113,0
-0.11999999999999877,0.4297548763372257,0
-0.09999999999999876,0.28347729071839967,0
-0.07999999999999874,-0.6073725982170631,0
-0.05999999999999872,0.7037638849139032,0
-0.0399999999999987,-0.22797745327062346,0
-0.019999999999998685,-0.05032348637752049,0
1.3322676295501878e-15,-0.42680032241564253,0
0.02000000000000135,0.6307133326488564,0
0.04000000000000137,0.18955335258289632,0
0.060000000000001386,0.2501668161354821,0
0.0800000000000014,0.14953800560026181,0
0.10000000000000142,-0.30043440814309996,0
0.12000000000000144,0.32700699695578955,0
0.14000000000000146,0.06743873115450849,0
0.16000000000000147,-0.17656250104185992,0
0.1800000000000015,0.20400908901001752,0
0.2000000000000015,-0.16120581968617737,0
0.22000000000000153,0.06785975610656014,0
0.24000000000000155,-0.5946058375850114,0
0.26000000000000156,-0.21798996820537686,0
0.2800000000000016,-0.40333494409583825,0
0.3000000000000016,-0.571274505741276,0
0.3200000000000016,0.24655837479583254,0
0.34000000000000163,-0.4476157187523308,0
0.36000000000000165,-0.299273530153518,0
0.38000000000000167,0.17942602144269781,0
0.4000000000000017,0.4288300316383259,0
0.4200000000000017,0.007569579563780182,0
0.4400000000000017,0.3225455224342333,0
0.46000000000000174,-0.6676964032747351,0
0.48000000000000176,0.13240175886280436,0
0.5000000000000018,-0.2147445533123742,0
0.5200000000000018,0.49963562066563005,0
0.5400000000000018,-0.3327602365933998,0
0.5600000000000018,-0.6465579536368599,0
0.5800000000000018,-0.40591286983874925,0
0.6000000000000019,-0.10236964212207,0
0.6200000000000019,-0.5068875069006604,0
0.6400000000000019,-0.49506047520936897,0
0.6600000000000019,-0.3784101323630018,0
0.6800000000000019,0.11480474976365518,0
0.700000000000002,0.2121582074005992,0
0.720000000000002,-0.501583604860431,0
0.740000000000002,0.47228374178672206,0
0.760000000000002,0.2684713951082358,0
0.780000000000002,-0.4140803605365525,0
0.800000000000002,0.017933746034924036,0
0.8200000000000021,-0.6343949568048541,0
0.8400000000000021,-0.3759855325191659,0
0.8600000000000021,-0.15784687857629998,0
0.8800000000000021,0.22816965818615076,0
0.9000000000000021,-0.12803097978150257,0
0.9200000000000021,0.3256039861260043,0
0.9400000000000022,0.4678366757012371,0
0.9600000000000022,0.2654804837951601,0
0.9800000000000022,-0.09046621896852136,0
1.0000000000000022,0.4633378911081567,0
1.0200000000000022,-0.34387741093415736,0
1.0400000000000023,0.25119260098190943,0
1.0600000000000023,0.32338383269696913,0
1.0800000000000023,0.8346886477221716,0
1.1000000000000023,0.06632566465725409,0
1.1200000000000023,-0.3943312552614793,0
1.1400000000000023,0.4304044292783733,0
1.1600000000000024,-1.0429537928184327,0
1.1800000000000024,0.6889516701121619,0
1.2000000000000024,-0.033551477588392054,0
1.2200000000000024,1.2057990149931905,0
1.2400000000000024,-0.2150092400053749,0
1.2600000000000025,0.41107925853711635,0
1.2800000000000025,0.23372920460958846,0
1.3000000000000025,0.4550792651517608,0
1.3200000000000025,0.26471282629028936,0
1.3400000000000025,1.1173727131837579,0
1.3600000000000025,1.1016225062868905,0
1.3800000000000026,0.7805765432283938,0
1.4000000000000026,0.20619497899777306,0
1.4200000000000026,0.6992304973740553,0
1.4400000000000026,0.39438154276752857,0
1.4600000000000026,0.774858531780088,0
1.4800000000000026,0.3993762362170432,0
1.5000000000000027,0.4702657872115128,0
1.5200000000000027,1.1380891642465452,0
1.5400000000000027,0.8321006838358835,0
1.5600000000000027,1.4240471830740713,0
1.5800000000000027,0.511832157367897,0
1.6000000000000028,-0.01074320109697613,0
1.6200000000000028,1.3944518000797599,0
1.6400000000000028,0.9176769924900032,0
1.6600000000000028,1.391628278945495,0
1.6800000000000028,1.1890069639291982,0
1.7000000000000028,1.2080130557105027,0
1.7200000000000029,0.5137548612001166,0
1.7400000000000029,1.3232851328057618,0
1.760000000000003,1.119248687312671,0
1.780000000000003,1.4882083437301388,0
1.800000000000003,1.4267055807122855,0
1.820000000000003,0.9771067706156922,0
1.840000000000003,2.1526715831824914,0
1.860000000000003,0.9683962450164043,0
1.880000000000003,1.6956031160106986,0
1.900000000000003,1.5251234389241795,0
1.920000000000003,2.379739617121395,0
1.940000000000003,1.8644214173194351,0
1.960000000000003,1.2844566174280572,0
1.980000000000003,2.561980982002045,0
2.000000000000003,2.3614582480880224,0
2.020000000000003,2.1955077835781154,0
2.040000000000003,1.7546538166946966,0
2.060000000000003,2.173647574247565,0
2.080000000000003,2.4321879994709357,0
2.100000000000003,2.457436073470756,0
2.120000000000003,1.9757847766851069,0
2.1400000000000032,2.617081908420537,0
2.1600000000000033,2.010185762447945,0
2.1800000000000033,2.154952749822142,0
2.2000000000000033,2.5328624169587735,0
2.2200000000000033,2.3230486731314226,0
2.2400000000000033,2.124248716334518,0
2.2600000000000033,2.798254708688509,0
2.2800000000000034,3.025278083993403,0
2.3000000000000034,2.2387628620039397,0
2.3200000000000034,2.9487153716749828,0
2.3400000000000034,3.5421852046996474,0
2.3600000000000034,2.6123058282239415,0
2.3800000000000034,2.5130770448134436,0
2.4000000000000035,3.3674033208605096,0
2.4200000000000035,3.355616432235494,0
2.4400000000000035,3.352455436268744,0
2.4600000000000035,3.7363615381964603,0
2.4800000000000035,3.504187156841405,0
