x,y,Class
-0.22735707335281657,-0.21667073682656252,1
-0.2523275048845073,-0.6123746469585871,1
-0.1143038143650447,-0.2137586717495727,1
0.03840843757185857,-0.08918391068912977,1
-0.26152190057628427,-0.0653604706300588,1
0.11052102073984221,0.06321321076226259,1
-0.14627973523469234,0.3751286472255093,1
0.19698307148422411,0.32814315318223003,1
-0.1985286962639651,-0.13299489414110735,1
0.02023984431547222,0.11716038314000503,1
-0.03606174636595529,-0.008663925641484915,1
-0.4278364149284459,0.3186017090682559,1
-0.2554253016795553,0.13864869501800678,1
0.22781033598806044,-0.3774510549389171,1
0.13433195099704523,0.5674801247170697,1
0.23174754937987782,-0.688241061942869,1
0.21398136904013576,-0.21644279587352946,1
0.353966330007498,0.07022793524801652,1
-0.2693800477973839,-0.24204299474968927,1
0.04766452938827479,0.4387467379085378,1
-0.286097237366663,0.42799216525579,1
0.6444514326062926,-0.0916713487294709,1
0.23851974207826857,0.28238998088613015,1
0.3537790690584479,-0.47750759882105837,1
0.4951994276094609,-0.40033328836316845,1
0.19190153404172927,-0.14713375173830406,1
-0.263073460437827,-0.20079404365648923,1
0.1723733190513794,0.03602259687807841,1
-0.1734110588327685,0.4492128376831225,1
0.16482795023861177,-0.5291423399494743,1
0.3915575242491299,-0.4451046033879305,1
0.15419253958196547,0.18989026046596935,1
0.1232842813554389,-0.2650930609348491,1
0.042193772077283274,-0.09508063687672766,1
0.14856571342445965,0.1754587990718585,1
-0.34161721137136714,-0.14588713852870716,1
-0.2168575897586769,0.13693501831213237,1
-0.05426993905276737,0.026958616129496824,1
0.294982224344777,-0.3346565230510629,1
0.16739310154199696,-0.6563977970393443,1
-0.22373438790025815,-0.010827104014659457,1
0.16990205620896554,-0.12523486639655654,1
0.4689828820236212,0.257072033408611,1
-0.03369394757588533,0.11145006199631076,1
-0.08592665911117255,-0.05092511037992308,1
0.5631680068730326,0.02690116805570649,1
-0.6171428378838982,0.5641615185457174,1
0.2396453314792925,-0.04844382849709052,1
0.06618979736239215,0.4734515341857024,1
-0.13240712186886644,-0.12599870259071283,1
-0.40341279279846787,0.01743217059955542,1
-0.48248413597082845,-0.34806960510103274,1
0.2280404325541125,0.18067436803863365,1
-0.39305939223591385,-0.11308942055301957,1
0.7954075586811178,0.2252556288607209,1
0.21789803447288913,-0.2694740685769958,1
0.030969843935490557,0.0717690650754438,1
-0.12087460404071011,0.3109703579847246,1
-0.12076538762495556,-0.12741015498794608,1
-0.2676784450748179,-0.25151742487931744,1
-0.3422664373472095,-0.19241769873704173,1
-0.12592777174834915,0.008504169129633895,1
0.021989204024185277,0.19983967984116718,1
0.15344015486675835,0.45079489537874456,1
-0.16187887959710928,-0.18492075300121505,1
-0.11361238416736075,-0.12528852881405594,1
-0.16303031868250456,-0.3277303698043341,1
-0.1772662286515959,0.39297418523591404,1
0.30896643417668124,0.24990526619741527,1
0.03593931619361816,-0.43586609647144503,1
0.4969390518313774,0.14057276733290983,1
0.1234610019461916,-0.28886251685256525,1
0.05657271233773022,-0.05809876457059669,1
-0.3945879614367126,-0.5025494057585824,1
0.01727291761213006,0.5197316007693478,1
-0.09217953485545469,0.13400385436294343,1
0.11941416387740085,-0.3345438054956716,1
-0.22263421639483708,-0.4869165477566946,1
-0.5103896716935626,0.2599277618519621,1
0.4835951385999232,-0.05409162389702467,1
-0.15497347801111228,0.4811957395923283,1
-0.25875736627922064,-0.4522231774989537,1
0.08704191279888374,-0.6969907181091607,1
-0.34884405779652333,-0.10798324425911913,1
0.3949731050627226,-0.43588859033926963,1
-0.42007077714965396,0.06481520862384833,1
-0.1319973479801752,0.5338730270932794,1
0.140845875549301,0.16634062672079772,1
-0.07297730781179078,0.3927236415810982,1
-0.3965342995569731,-0.39706350874124396,1
-0.5089182224033005,0.41806007031648423,1
0.03518460636744441,0.09282346317909758,1
0.009687246789532863,-0.14859224706211396,1
-0.12597654263750085,0.44881770796528336,1
-0.13812177299309433,-0.21272036507530936,1
0.04372599710935931,-0.09127524963845432,1
-0.23241631626779846,0.15536951354269152,1
0.647548177030044,-0.4309378840512154,1
0.5326929625089503,-0.38048665521646735,1
-0.30437545432167534,-0.2650859407841664,1
-0.09201047725504229,-0.3637502099479724,1
-0.4021137129067451,0.03484547662883281,1
-0.3581714755065167,-0.4314540142187933,1
-0.12565821693100163,0.2313674733600208,1
-0.19225278781869806,0.26325981326391606,1
0.35700538581513647,-0.45822605687369233,1
-0.36888826171857103,0.08012789440555775,1
0.4149388468643375,0.3822694848747414,1
-0.08296588823696119,0.08022579627002528,1
0.46138418665665765,0.6159612955519969,1
-0.03079628752742817,-0.0993134912615289,1
0.25364830991826265,-0.21900959917826848,1
0.23040913791281545,0.006700454587005222,1
0.15815980796849016,0.18001890806831622,1
-0.1841364267831454,-0.09421126344594091,1
-1.1529380390435544,0.04118090544373881,1
0.20971080157186223,0.17199483189025255,1
0.1699974138862505,-0.6128033585972364,1
0.12047330246265028,0.4962162371695881,1
0.14777522545991556,-0.2948150823356393,1
-0.42202534388284657,-0.4465103591131341,1
-0.2964718487331886,-0.28802082199324325,1
-0.1506661597923713,-0.1672679617270035,1
-0.14674782678879725,-0.28504500482369505,1
0.2952892898728839,-0.255736539845832,1
0.12299643975475076,0.30932887816470334,1
-0.13845957343262247,-0.20249057400307516,1
0.07467011996784743,0.17575166891227745,1
0.28922348433536593,-0.029744159386177863,1
-0.6471832019774679,0.4058316143664969,1
-0.03250772710455906,-0.12337092655196734,1
-0.23333572315675483,-0.32442256867557256,1
0.27334566489684115,0.18815112993287736,1
0.053598152116262406,-0.3202264837402059,1
0.21181031620849666,-0.07457250777500793,1
0.06882684454915354,-0.006596638053940185,1
0.12020769984262442,-0.6142595371802277,1
-0.3026329937792244,-0.22454906542051759,1
0.43700499534332754,0.1521093741561342,1
0.1604486019777776,-0.11721811060776541,1
-0.1021290156246674,0.4708235727731868,1
0.27678033154786896,-0.3013929127063834,1
0.25126632644406427,0.22244400783095936,1
0.3410272131760663,-0.18228627191186983,1
0.20338991572339682,0.37065969133649035,1
-0.06736804756151246,0.03583550848530872,1
0.37221243585841957,0.27988355792550257,1
-0.5412229643850796,0.18749866702058207,1
0.03461185120072119,0.0746687508772781,1
0.46540319913157463,-0.16749215056088965,1
-0.2672495136029037,0.2848815990167693,1
-0.15933092266279827,-0.26114413467783054,1
-0.3132367151163157,-0.5763390891342621,1
0.012655920370101522,-0.37618022129191475,1
0.6154729379254105,-0.2282796208424378,1
-0.23950293370251932,0.22506192835801908,1
-0.2801535321295585,0.2746963777287537,1
0.012153323274998441,-0.09631979986774829,1
0.20695736927458402,-0.11495211217143644,1
-0.24073801379872645,-0.10140820086137795,1
-0.0656337776466278,-0.30799998476145724,1
0.10165894211816179,0.05566457723827858,1
-0.3002845250791204,-0.021188287101407858,1
0.2225965908282878,0.13920447776317507,1
0.23471228814593598,0.11031605509894146,1
-0.198807145062216,-0.47771520627089187,1
-0.8641113647385197,0.22770429313057267,1
-0.21141394407684208,-0.7872250920150702,1
0.1833427971524978,-0.13265506629679136,1
0.06777680757663844,0.29015395241941716,1
-0.30090777244941347,0.19148794070289415,1
-0.10693616649479437,-0.4471722690175754,1
-0.1007448603330447,-0.35914208237710654,1
0.0011944676422438664,0.5671072777203595,1
0.5576565397864146,-0.04802668448303102,1
-0.04696826720704238,0.0037893950753670118,1
0.02603451320780833,0.10968964040145711,1
-0.10926567657152335,-0.12839177401354054,1
-0.050731964534774555,-0.33138603910386205,1
-0.6850323582866478,0.04313749613992716,1
-0.11155833099933832,-0.12406871111484999,1
0.40648035097717833,0.1063819611262625,1
-0.10889015018058784,0.11014573987609268,1
-0.6258874076362417,-0.6461932098807499,1
0.13641233232440028,0.02642421526398767,1
0.6338354924235168,-0.11417500873257676,1
0.33064735779950943,0.03627985845100357,1
0.2556562515461481,-0.12779984389049126,1
-0.3090189238867803,0.8220492089446384,1
0.11794613914160369,0.19628484500971524,1
-0.2968259430687437,0.2989328272055621,1
-0.46223027044304416,0.037240701691383604,1
-0.23365478125032121,0.20300582738751877,1
0.03731011561935291,-0.3912670690239012,1
-0.0738952184350922,-0.14268305085735106,1
0.09115818739116316,0.13251907657527953,1
-0.05844602120887545,-0.07496629211296049,1
0.3291468755163133,-0.11490284712335008,1
-0.17081434431564205,0.28668505980084447,1
-0.5359861097910158,0.1140125262677434,1
-1.0,0.19528655528621636,0
-0.96,0.4300442379783285,0
-0.9199999999999999,0.34137879001155186,0
-0.8799999999999999,0.37437842957390477,0
-0.8399999999999999,0.6435241252676364,0
-0.7999999999999998,0.5788182499181289,0
-0.7599999999999998,0.6454898531436909,0
-0.7199999999999998,0.642065582169109,0
-0.6799999999999997,0.7929344650720866,0
-0.6399999999999997,0.8800319819006766,0
-0.5999999999999996,0.6850745883298766,0
-0.5599999999999996,0.7354221617104089,0
-0.5199999999999996,0.8565317220367464,0
-0.47999999999999954,1.0260609751999838,0
-0.4399999999999995,1.0017639489999177,0
-0.39999999999999947,1.1515835984660916,0
-0.35999999999999943,0.8178945063529738,0
-0.3199999999999994,0.9116380476927415,0
-0.27999999999999936,1.0008619676164832,0
-0.23999999999999932,0.913697653304391,0
-0.1999999999999993,1.004680166720862,0
-0.15999999999999925,0.9413651053709189,0
-0.11999999999999922,1.0672983034566716,0
-0.07999999999999918,0.8670692282004782,0
-0.03999999999999915,0.9957766549615537,0
8.881784197001252e-16,1.0614184243247817,0
0.040000000000000924,0.9455872206584068,0
0.08000000000000096,1.0581311274794383,0
0.120000000000001,0.9056890919850595,0
0.16000000000000103,0.9827982346750956,0
0.20000000000000107,0.9363588256745956,0
0.2400000000000011,0.7401764486507365,0
0.28000000000000114,0.8410804757154402,0
0.3200000000000012,0.9048936615126,0
0.3600000000000012,0.7960711230001899,0
0.40000000000000124,0.7962551705043169,0
0.4400000000000013,0.9519874783339666,0
0.4800000000000013,0.8969003175866859,0
0.5200000000000014,0.899862937677445,0
0.5600000000000014,0.719750756335219,0
0.6000000000000014,0.924840097775875,0
0.6400000000000015,0.815271023704201,0
0.6800000000000015,0.9348069696551341,0
0.7200000000000015,0.7259130746188761,0
0.7600000000000016,0.7037407910892601,0
0.8000000000000016,0.4911419600029755,0
0.8400000000000016,0.5324932914092311,0
0.8800000000000017,0.5363327399888976,0
0.9200000000000017,0.25884831978993805,0
0.9600000000000017,0.46221422457320827,0
-1.0,-0.19528655528621636,0
-0.96,-0.4300442379783285,0
-0.9199999999999999,-0.34137879001155186,0
-0.8799999999999999,-0.37437842957390477,0
-0.8399999999999999,-0.6435241252676364,0
-0.7999999999999998,-0.5788182499181289,0
-0.7599999999999998,-0.6454898531436909,0
-0.7199999999999998,-0.642065582169109,0
-0.6799999999999997,-0.7929344650720866,0
-0.6399999999999997,-0.8800319819006766,0
-0.5999999999999996,-0.6850745883298766,0
-0.5599999999999996,-0.7354221617104089,0
-0.5199999999999996,-0.8565317220367464,0
-0.47999999999999954,-1.0260609751999838,0
-0.4399999999999995,-1.0017639489999177,0
-0.39999999999999947,-1.1515835984660916,0
-0.35999999999999943,-0.8178945063529738,0
-0.3199999999999994,-0.9116380476927415,0
-0.27999999999999936,-1.0008619676164832,0
-0.23999999999999932,-0.913697653304391,0
-0.1999999999999993,-1.004680166720862,0
-0.15999999999999925,-0.9413651053709189,0
-0.11999999999999922,-1.0672983034566716,0
-0.07999999999999918,-0.8670692282004782,0
-0.03999999999999915,-0.9957766549615537,0
8.881784197001252e-16,-1.0614184243247817,0
0.040000000000000924,-0.9455872206584068,0
0.08000000000000096,-1.0581311274794383,0
0.120000000000001,-0.9056890919850595,0
0.16000000000000103,-0.9827982346750956,0
0.20000000000000107,-0.9363588256745956,0
0.2400000000000011,-0.7401764486507365,0
0.28000000000000114,-0.8410804757154402,0
0.3200000000000012,-0.9048936615126,0
0.3600000000000012,-0.7960711230001899,0
0.40000000000000124,-0.7962551705043169,0
0.4400000000000013,-0.9519874783339666,0
0.4800000000000013,-0.8969003175866859,0
0.5200000000000014,-0.899862937677445,0
0.5600000000000014,-0.719750756335219,0
0.6000000000000014,-0.924840097775875,0
0.6400000000000015,-0.815271023704201,0
0.6800000000000015,-0.9348069696551341,0
0.7200000000000015,-0.7259130746188761,0
0.7600000000000016,-0.7037407910892601,0
0.8000000000000016,-0.4911419600029755,0
0.8400000000000016,-0.5324932914092311,0
0.8800000000000017,-0.5363327399888976,0
0.9200000000000017,-0.25884831978993805,0
0.9600000000000017,-0.46221422457320827,0
-1.0,0.19528655528621636,0
-0.96,0.4300442379783285,0
-0.9199999999999999,0.34137879001155186,0
-0.8799999999999999,0.37437842957390477,0
-0.8399999999999999,0.6435241252676364,0
-0.7999999999999998,0.5788182499181289,0
-0.7599999999999998,0.6454898531436909,0
-0.7199999999999998,0.642065582169109,0
-0.6799999999999997,0.7929344650720866,0
-0.6399999999999997,0.8800319819006766,0
-0.5999999999999996,0.6850745883298766,0
-0.5599999999999996,0.7354221617104089,0
-0.5199999999999996,0.8565317220367464,0
-0.47999999999999954,1.0260609751999838,0
-0.4399999999999995,1.0017639489999177,0
-0.39999999999999947,1.1515835984660916,0
-0.35999999999999943,0.8178945063529738,0
-0.3199999999999994,0.9116380476927415,0
-0.27999999999999936,1.0008619676164832,0
-0.23999999999999932,0.913697653304391,0
-0.1999999999999993,1.004680166720862,0
-0.15999999999999925,0.9413651053709189,0
-0.11999999999999922,1.0672983034566716,0
-0.07999999999999918,0.8670692282004782,0
-0.03999999999999915,0.9957766549615537,0
8.881784197001252e-16,1.0614184243247817,0
0.040000000000000924,0.9455872206584068,0
0.08000000000000096,1.0581311274794383,0
0.120000000000001,0.9056890919850595,0
0.16000000000000103,0.9827982346750956,0
0.20000000000000107,0.9363588256745956,0
0.2400000000000011,0.7401764486507365,0
0.28000000000000114,0.8410804757154402,0
0.3200000000000012,0.9048936615126,0
0.3600000000000012,0.7960711230001899,0
0.40000000000000124,0.7962551705043169,0
0.4400000000000013,0.9519874783339666,0
0.4800000000000013,0.8969003175866859,0
0.5200000000000014,0.899862937677445,0
0.5600000000000014,0.719750756335219,0
0.6000000000000014,0.924840097775875,0
0.6400000000000015,0.815271023704201,0
0.6800000000000015,0.9348069696551341,0
0.7200000000000015,0.7259130746188761,0
0.7600000000000016,0.7037407910892601,0
0.8000000000000016,0.4911419600029755,0
0.8400000000000016,0.5324932914092311,0
0.8800000000000017,0.5363327399888976,0
0.9200000000000017,0.25884831978993805,0
0.9600000000000017,0.46221422457320827,0
-1.0,-0.19528655528621636,0
-0.96,-0.4300442379783285,0
-0.9199999999999999,-0.34137879001155186,0
-0.8799999999999999,-0.37437842957390477,0
-0.8399999999999999,-0.6435241252676364,0
-0.7999999999999998,-0.5788182499181289,0
-0.7599999999999998,-0.6454898531436909,0
-0.7199999999999998,-0.642065582169109,0
-0.6799999999999997,-0.7929344650720866,0
-0.6399999999999997,-0.8800319819006766,0
-0.5999999999999996,-0.6850745883298766,0
-0.5599999999999996,-0.7354221617104089,0
-0.5199999999999996,-0.8565317220367464,0
-0.47999999999999954,-1.0260609751999838,0
-0.4399999999999995,-1.0017639489999177,0
-0.39999999999999947,-1.1515835984660916,0
-0.35999999999999943,-0.8178945063529738,0
-0.3199999999999994,-0.9116380476927415,0
-0.27999999999999936,-1.0008619676164832,0
-0.23999999999999932,-0.913697653304391,0
-0.1999999999999993,-1.004680166720862,0
-0.15999999999999925,-0.9413651053709189,0
-0.11999999999999922,-1.0672983034566716,0
-0.07999999999999918,-0.8670692282004782,0
-0.03999999999999915,-0.9957766549615537,0
8.881784197001252e-16,-1.0614184243247817,0
0.040000000000000924,-0.9455872206584068,0
0.08000000000000096,-1.0581311274794383,0
0.120000000000001,-0.9056890919850595,0
0.16000000000000103,-0.9827982346750956,0
0.20000000000000107,-0.9363588256745956,0
0.2400000000000011,-0.7401764486507365,0
0.28000000000000114,-0.8410804757154402,0
0.3200000000000012,-0.9048936615126,0
0.3600000000000012,-0.7960711230001899,0
0.40000000000000124,-0.7962551705043169,0
0.4400000000000013,-0.9519874783339666,0
0.4800000000000013,-0.8969003175866859,0
0.5200000000000014,-0.899862937677445,0
0.5600000000000014,-0.719750756335219,0
0.6000000000000014,-0.924840097775875,0
0.6400000000000015,-0.815271023704201,0
0.6800000000000015,-0.9348069696551341,0
0.7200000000000015,-0.7259130746188761,0
0.7600000000000016,-0.7037407910892601,0
0.8000000000000016,-0.4911419600029755,0
0.8400000000000016,-0.5324932914092311,0
0.8800000000000017,-0.5363327399888976,0
0.9200000000000017,-0.25884831978993805,0
0.9600000000000017,-0.46221422457320827,0
